resnam,resnum,wcnSC,wcnCA
ASP,1,0.852545653813,0.903929527628
ILE,2,0.915688820793,1.01305439125
GLU,3,1.38673834173,1.27627891848
ILE,4,1.0771152165,1.20727861367
ALA,5,0.892936567077,1.02466999434
GLN,6,1.15294525773,1.15233290861
ALA,7,0.956815497405,1.09492905224
ALA,8,0.881274662346,1.00756105234
LYS,9,0.745011384625,0.966727353609
MET,10,1.18565526889,1.15282885887
LYS,11,0.97160033258,1.10546162605
PRO,12,0.91765409371,1.15341728595
VAL,13,1.29548683899,1.3871985816
MET,14,1.02579932246,1.20588299294
GLU,15,0.886537726935,1.10787659644
LEU,16,1.26454393274,1.32509810836
ALA,17,1.28219609134,1.36734595888
ARG,18,0.801717251792,1.13990000383
GLY,19,0.933026776136,1.0772253563
LEU,20,1.32668919313,1.24592581918
GLY,21,0.986161914275,1.09631996316
ILE,22,1.320403721,1.21687417194
GLN,23,0.852916152406,1.01497411651
GLU,24,0.738825176833,0.97446777231
ASP,25,0.777336575288,0.912269323058
GLU,26,1.10521808216,1.16830431441
VAL,27,1.18945499991,1.25432722161
GLU,28,1.00000550566,1.16442947724
LEU,29,1.00195424103,1.18072596235
TYR,30,1.16664827752,1.16805076387
GLY,31,0.943604293298,1.04223442403
LYS,32,0.776654473164,1.07113658006
TYR,33,1.02820393239,1.30606734907
LYS,34,1.30823450684,1.4521533025
ALA,35,1.32207336682,1.49138651937
LYS,36,1.44141020379,1.52028545193
ILE,37,1.43013335102,1.47273906374
SER,38,1.14421954755,1.32596607254
LEU,39,1.31436594637,1.33487692339
ASP,40,0.972314338511,1.1695447578
VAL,41,1.2889753283,1.28047400668
TYR,42,1.23199306611,1.3516453861
ARG,43,0.802004447281,1.12272414653
ARG,44,0.946805469663,0.989010695714
LEU,45,1.01876124284,1.11929012782
LYS,46,0.874246393673,1.09789171269
ASP,47,0.66961213923,0.887683472247
LYS,48,0.754646204972,0.976417690956
PRO,49,0.813007925325,1.01962247123
ASP,50,1.1790032081,1.28498259326
GLY,51,1.22559342419,1.42797707137
LYS,52,1.17305537135,1.46205024555
LEU,53,1.59416331585,1.66004441143
ILE,54,1.59466310883,1.76120693971
LEU,55,1.82207603454,1.85194994225
VAL,56,1.82744718506,1.90063536641
THR,57,1.87458285313,1.90345015458
ALA,58,1.79639534542,1.87199924558
ILE,59,1.71464900406,1.76314820522
THR,60,1.62355760177,1.69984526268
PRO,61,1.60944984785,1.61806061575
THR,62,1.52482244332,1.46462178192
PRO,63,1.19614803833,1.24687004395
ALA,64,1.39167730291,1.33052325724
GLY,65,1.44335563623,1.45525475936
GLU,66,1.66260513378,1.6176203438
GLY,67,1.57961799335,1.62221526531
LYS,68,1.76914624044,1.77651964516
THR,69,1.74641389297,1.8087263026
THR,70,1.64817673746,1.81345740647
THR,71,1.75581193082,1.81737927168
SER,72,1.86033027291,1.8713672055
VAL,73,1.75854617885,1.84868046403
GLY,74,1.74441535939,1.82216980732
LEU,75,1.69343534197,1.77331986079
THR,76,1.72531498519,1.75485088019
ASP,77,1.61242749528,1.65527420124
ALA,78,1.55390508799,1.60853731001
LEU,79,1.49220278005,1.52281796036
ALA,80,1.29746165024,1.42420433448
ARG,81,1.124536924,1.19835083313
LEU,82,1.10922539708,1.13677815657
GLY,83,0.910778894698,1.05552911096
LYS,84,1.05777327351,1.23073352083
ARG,85,1.03096862939,1.28474342022
VAL,86,1.47023409869,1.57363818787
MET,87,1.59458400395,1.71415335695
VAL,88,1.78818444487,1.85216693542
CYS,89,1.81164972782,1.90628089576
LEU,90,1.78610265529,1.88591189494
ARG,91,1.7737834666,1.89447617544
GLU,92,1.63974763652,1.77570528661
PRO,93,1.56901849081,1.66361681194
SER,94,1.64285427226,1.62580678076
LEU,95,1.34787343142,1.51932894887
GLY,96,1.48727762428,1.51504541506
PRO,97,1.4800584097,1.47743018318
SER,98,1.40929316307,1.48004189565
PHE,99,1.16714712923,1.33834968958
GLY,100,1.24824780278,1.34251118949
ILE,101,1.1672244262,1.24713030772
LYS,102,1.03312035456,1.32241955368
GLY,103,1.39767873846,1.44148970249
GLY,104,1.40336383293,1.40388107331
ALA,105,1.56354935988,1.53202421642
ALA,106,1.6601633127,1.6806669131
GLY,107,1.72499212867,1.7647559321
GLY,108,1.64138819122,1.5677120161
GLY,109,1.42478691529,1.4212889048
TYR,110,1.08846874844,1.45952055343
ALA,111,1.68168731189,1.7284768057
GLN,112,1.5425160845,1.73426756666
VAL,113,1.68562659363,1.72474105541
VAL,114,1.37994214706,1.59364792458
PRO,115,1.34596972535,1.45073542399
MET,116,1.37453542482,1.49889229118
GLU,117,1.08720494767,1.34184146657
ASP,118,1.18373548414,1.41003252844
ILE,119,1.57481541097,1.6034999141
ASN,120,1.4700561022,1.55275697683
LEU,121,1.18705543583,1.41352589702
HIS,122,1.07710362774,1.3398171796
PHE,123,1.58649309827,1.48449562712
THR,124,1.50366570462,1.39358446442
GLY,125,1.33105977514,1.39760276163
ASP,126,1.63512806254,1.61033503102
ILE,127,1.61086229107,1.63441611594
HIS,128,1.22943459321,1.44336898511
ALA,129,1.45371390086,1.52410884128
VAL,130,1.68291271229,1.68575622652
THR,131,1.43269841126,1.57223432738
TYR,132,1.03081031966,1.3979491426
ALA,133,1.48530107246,1.53959068442
HIS,134,1.57625720997,1.59253255389
ASN,135,1.29693034049,1.43796085117
LEU,136,1.12597174413,1.3208362549
LEU,137,1.45887987295,1.43705669829
ALA,138,1.33440852,1.41365965844
ALA,139,1.04180465514,1.23305660034
MET,140,1.12296143842,1.23573119259
VAL,141,1.28493466877,1.31627899927
ASP,142,1.13193945884,1.22346833081
ASN,143,0.828417662253,1.0954851789
HIS,144,0.97745527958,1.12139544979
LEU,145,1.08037931173,1.13292097893
GLN,146,0.787076046191,0.996666259465
GLN,147,0.693075103621,0.86326668948
GLY,148,0.673453692582,0.809941645656
ASN,149,0.935872501769,1.00844700323
VAL,150,0.67038695708,0.8336860229
LEU,151,0.961662313107,0.955950160293
ASN,152,0.758164132197,0.96771747331
ILE,153,1.16898364469,1.17296762338
ASP,154,0.947370545349,1.08993747911
PRO,155,1.00299744757,1.13575751268
ARG,156,0.759551975205,1.03585289008
THR,157,1.04522530063,1.16929773467
ILE,158,1.23642067868,1.35001137706
THR,159,1.24422551708,1.36635955181
TRP,160,1.48546680466,1.46608423363
ARG,161,1.29812527874,1.44267662542
ARG,162,1.23496819012,1.45631438375
VAL,163,1.57601271731,1.55458096706
ILE,164,1.25272157667,1.44528927214
ASP,165,1.58922547419,1.51405664064
LEU,166,1.17261880133,1.40375323625
ASN,167,1.37994854822,1.40293457073
GLU,168,1.03179661233,1.24905772308
ARG,169,0.933461684246,1.16384351449
ALA,170,0.869964969376,1.00411866346
LEU,171,1.10367798746,1.19525077896
ARG,172,1.05426420785,1.253171079
ASN,173,0.885094383541,1.0950128551
ILE,174,1.02818981064,1.05576707623
VAL,175,0.794888900937,1.00771146159
ILE,176,1.03276972115,1.05219169608
GLY,177,0.929299990997,1.04958157151
LEU,178,0.720857033643,0.848741160247
GLY,179,0.660862249907,0.696450429603
GLY,180,0.629956426129,0.691847595608
LYS,181,0.450198559554,0.698684595882
ALA,182,0.565024517609,0.693158046275
ASN,183,0.673423394602,0.841962084656
GLY,184,0.900247303211,1.00066956834
VAL,185,0.906694841779,1.00031030624
PRO,186,0.774786642313,0.974678638264
ARG,187,1.15740417881,1.05437334221
GLU,188,0.779311231282,1.08796998255
THR,189,1.20088178566,1.23661690007
GLY,190,1.23697874052,1.33582266986
PHE,191,1.23570572013,1.45463817344
ASP,192,1.47173982071,1.57648118491
ILE,193,1.56951111272,1.64631237036
SER,194,1.62836381595,1.72333445429
VAL,195,1.71026107205,1.77161451171
ALA,196,1.63450083098,1.74790145146
SER,197,1.69159474586,1.74653007924
GLU,198,1.63960003992,1.71856033
VAL,199,1.67526750381,1.7439925592
MET,200,1.78413166249,1.84363665859
ALA,201,1.75992247304,1.85308147604
CYS,202,1.65728891283,1.77015329873
LEU,203,1.70691534233,1.78034790216
CYS,204,1.84985729614,1.90420324426
LEU,205,1.70331757042,1.73006976459
ALA,206,1.54151407061,1.61664242204
SER,207,1.26308943035,1.39834341887
ASP,208,1.15946987796,1.39833801747
LEU,209,1.22673274394,1.36402482729
MET,210,0.967233455381,1.19908038338
ASP,211,1.31841946672,1.35074755633
LEU,212,1.53843308144,1.56889246956
LYS,213,1.1036103107,1.43822268527
GLU,214,1.00856680853,1.3070644644
ARG,215,1.46717854149,1.50344530456
PHE,216,1.5343620245,1.56928450726
SER,217,1.18638234928,1.44318824541
ARG,218,1.10240825929,1.3950418422
LYS,219,1.55628503658,1.55188842617
VAL,220,1.33143627579,1.47553692037
VAL,221,1.38264829626,1.47146194271
GLY,222,1.28923541259,1.39579414293
TYR,223,1.1519777985,1.26592824438
THR,224,0.930862057508,1.14337074462
TYR,225,0.800612449226,0.901176846415
ASP,226,0.640832486861,0.826427455578
GLY,227,0.871821024934,0.977795293154
LYS,228,0.825978269292,1.0101850437
PRO,229,1.07894681958,1.17954908866
VAL,230,1.1959854621,1.26985535026
THR,231,1.22920378943,1.41236490005
ALA,232,1.42693019845,1.44913539154
GLY,233,1.20281740407,1.30739236873
ASP,234,1.04274833333,1.12571877653
LEU,235,1.17790077891,1.16803482181
GLU,236,0.790177383276,1.08467754376
ALA,237,1.27840032884,1.26598780907
GLN,238,1.1638262805,1.38349547844
GLY,239,1.09696429711,1.15416552956
SER,240,1.02220470394,1.18264687312
MET,241,1.46160227975,1.45347397567
ALA,242,1.25689760683,1.42044392175
LEU,243,0.90577932555,1.20626505151
LEU,244,1.14532095235,1.32497648412
MET,245,1.56647681655,1.50877341007
LYS,246,0.926413900272,1.28258985312
ASP,247,1.10776344212,1.32401102347
ALA,248,1.56700830153,1.57432940306
ILE,249,1.4454818649,1.56521362583
LYS,250,1.24860789976,1.56555310949
PRO,251,1.62221956633,1.71451922284
ASN,252,1.63637572134,1.69982358223
LEU,253,1.47806737315,1.6624744783
VAL,254,1.5518297387,1.63920480292
GLN,255,1.3322694252,1.659475527
THR,256,1.60399034923,1.67647552912
LEU,257,1.34444321562,1.42949765397
GLU,258,1.32079605213,1.31572276639
ASN,259,1.1199852711,1.37106758919
THR,260,1.49608676658,1.52303740892
PRO,261,1.40584032617,1.59932659499
ALA,262,1.65785751655,1.78465037945
PHE,263,1.65995538957,1.83195101265
ILE,264,1.68733086706,1.84907022338
HIS,265,1.76300671701,1.85263518928
GLY,266,1.83697044963,1.87906319908
GLY,267,1.83450994786,1.8873800129
PRO,268,1.89018016692,1.8761396963
PHE,269,1.6140385422,1.79404951567
ALA,270,1.8489237336,1.89217248196
ASN,271,1.61718579259,1.78201471511
ILE,272,1.62251271118,1.7308988943
ALA,273,1.79172618842,1.83827828856
HIS,274,1.85484653665,1.89468561909
GLY,275,1.92033339811,1.97477400442
CYS,276,1.88890044296,1.93032832154
ASN,277,1.83077722725,1.95042795568
SER,278,1.82507346105,1.91659135526
ILE,279,1.62568218417,1.75923170504
ILE,280,1.63552422545,1.67304265586
ALA,281,1.79693729864,1.78963125722
THR,282,1.76539265253,1.77719865794
LYS,283,1.41354463874,1.60182033015
THR,284,1.49117205925,1.59768300387
ALA,285,1.67832959413,1.68709733649
LEU,286,1.49326188535,1.60990790172
LYS,287,1.17573553318,1.41161941244
LEU,288,1.36189768212,1.38915921061
ALA,289,1.39063684943,1.47439483684
ASP,290,1.02703801372,1.3687572638
TYR,291,1.23654962863,1.57654791023
VAL,292,1.64219227539,1.75249634137
VAL,293,1.74817124934,1.83855577247
THR,294,1.81379436302,1.89332893152
GLU,295,1.85284809202,1.90559149569
ALA,296,1.91855765842,1.93780760482
GLY,297,1.84288328755,1.84922771463
PHE,298,1.69959722537,1.76403365074
GLY,299,1.79044187808,1.85361898616
ALA,300,1.83055589087,1.86159533089
ASP,301,1.68486155148,1.74302885602
LEU,302,1.70928939765,1.82764686441
GLY,303,1.87836283835,1.96450998317
ALA,304,1.83579238375,1.89113109809
GLU,305,1.65538300806,1.78810606767
LYS,306,1.75519001295,1.86307766191
PHE,307,1.80827685948,1.86918272889
TYR,308,1.66478801776,1.73017863417
ASP,309,1.53663636405,1.65984781073
VAL,310,1.64914506301,1.7069793926
LYS,311,1.78436527862,1.75048269027
CYS,312,1.56710149587,1.6622163349
ARG,313,1.32821018831,1.47088383605
TYR,314,1.44786387458,1.42407566009
ALA,315,1.51526398249,1.4586875391
GLY,316,1.17705219243,1.29349876776
PHE,317,1.5675928886,1.45930421558
LYS,318,1.00375641519,1.3939588005
PRO,319,1.55260118417,1.58572310934
ASP,320,1.30188746468,1.51027834366
ALA,321,1.50451436226,1.64581444823
THR,322,1.70282517552,1.77504835809
VAL,323,1.69908752937,1.81125915997
ILE,324,1.69753573914,1.83684615902
VAL,325,1.75951749613,1.82303111135
ALA,326,1.66595623956,1.70481585695
THR,327,1.51475125816,1.5970590648
VAL,328,1.35476746098,1.46233462367
ARG,329,1.19895326901,1.44124533527
ALA,330,1.61338826378,1.57267371283
LEU,331,1.50692138939,1.61026677354
LYS,332,1.21929095635,1.49743833377
MET,333,1.28779541135,1.43275521917
HIS,334,1.53346496982,1.51600849789
GLY,335,1.21022115425,1.39038755864
GLY,336,1.01334867348,1.10954753579
VAL,337,1.09374820386,1.12958093779
PRO,338,0.863021203737,1.0162623461
LYS,339,0.935310015533,1.06602150686
SER,340,0.744288501419,0.880965998204
ASP,341,0.769782239488,0.940306856524
LEU,342,1.18396514928,1.15442586151
ALA,343,0.892539426476,1.01500585624
THR,344,0.738305296766,0.913542311706
GLU,345,0.860828640021,0.954267709598
ASN,346,0.941950038526,1.01883418066
LEU,347,0.909977482566,1.05005986926
GLU,348,0.709691702459,0.984399539087
ALA,349,1.12295713399,1.23284913684
LEU,350,1.24586600701,1.38273447275
ARG,351,0.834536040418,1.20541944713
GLU,352,0.877233522152,1.22193959206
GLY,353,1.31996204561,1.54560762739
PHE,354,1.28884446094,1.46568803512
ALA,355,1.17422134592,1.36449509657
ASN,356,1.60037082064,1.57929808805
LEU,357,1.56460971806,1.60978309847
GLU,358,1.09969734246,1.42991286066
LYS,359,1.37640778564,1.46511430224
HIS,360,1.68304150461,1.65605696888
ILE,361,1.41367720867,1.54796162537
GLU,362,1.11290052545,1.36681459786
ASN,363,1.4804492987,1.53636916226
ILE,364,1.6234261357,1.6181566669
GLY,365,1.24810316591,1.41458918537
LYS,366,1.16468467931,1.31464649655
PHE,367,1.489074524,1.45764451339
GLY,368,1.18982201189,1.35295019681
VAL,369,1.50469770392,1.52291686714
PRO,370,1.30367459166,1.4393535484
ALA,371,1.5277236824,1.58863269745
VAL,372,1.49910062862,1.62056161261
VAL,373,1.56600238647,1.66324077892
ALA,374,1.68807445466,1.70965321449
ILE,375,1.44985743063,1.61947158852
ASN,376,1.51239539697,1.59302819229
ALA,377,1.25733146598,1.3648884495
PHE,378,1.17695380313,1.22045041893
PRO,379,0.963302140943,0.986986105871
THR,380,0.979321152699,0.9924561485
ASP,381,1.23213274994,1.14542310924
THR,382,0.943526953792,1.00184828886
GLU,383,0.747663533849,0.940108576587
ALA,384,0.833877507189,0.933827421384
GLU,385,1.1561485511,1.18963020483
LEU,386,1.15638322168,1.24549589356
ASN,387,0.821510905725,1.08260189339
LEU,388,1.01317287102,1.12906795957
LEU,389,1.37039406084,1.33430649103
TYR,390,1.11556630905,1.24652052563
GLU,391,0.784150476377,1.059286899
LEU,392,1.07393565872,1.16406881561
CYS,393,1.34074131756,1.29838507969
ALA,394,0.840444910446,1.05222040637
LYS,395,1.06530580281,1.0864317239
ALA,396,1.31272126014,1.27780010479
GLY,397,1.26024384879,1.29682532974
ALA,398,1.33223347501,1.40658651983
GLU,399,1.24186113968,1.39914759563
VAL,400,1.22955938573,1.41313515769
ALA,401,1.54993839596,1.5543243392
LEU,402,1.17761248013,1.43394860901
SER,403,1.64944195489,1.65836261781
TRP,404,1.24432544982,1.524215942
ALA,405,1.10054897547,1.23353618487
LYS,406,1.02211114598,1.2509818858
GLY,407,1.39594355407,1.48961421515
GLY,408,1.51212360962,1.54734327123
GLU,409,0.913847097296,1.2441930143
GLY,410,1.34733603508,1.42885544913
GLY,411,1.5340057601,1.59892736664
LEU,412,1.17874005003,1.35823936043
GLU,413,1.10219657133,1.27625252055
LEU,414,1.58638489035,1.54741904826
ALA,415,1.45042339836,1.53440410283
ARG,416,0.911392964877,1.27872846659
LYS,417,1.17502276691,1.34772292359
VAL,418,1.49889111888,1.50042855015
LEU,419,1.17537365762,1.31547724317
GLN,420,0.920358516664,1.17384347755
THR,421,1.25540482133,1.29725662331
LEU,422,1.30417470837,1.31134762119
GLU,423,0.74090468787,1.03874767997
SER,424,0.799824818932,0.945844414382
ARG,425,1.02773606018,1.09275712322
PRO,426,0.821902388889,1.11186060116
SER,427,1.21187503679,1.28065883249
ASN,428,0.852740253161,1.13358008656
PHE,429,1.36924210912,1.34526356499
HIS,430,1.04263337469,1.24909944254
VAL,431,1.26391656057,1.39224331909
LEU,432,1.36763853061,1.35357620726
TYR,433,1.40455968485,1.26981667358
ASN,434,0.885492565905,1.12176069287
LEU,435,1.18680276528,1.21461218131
ASP,436,0.802526851729,1.01923751619
LEU,437,0.985644691979,1.09734304783
SER,438,0.994092357688,1.14153277982
ILE,439,1.33522392087,1.34095736309
LYS,440,1.08342386898,1.25807521734
ASP,441,0.940888843305,1.21628498465
LYS,442,1.29491827437,1.42779952712
ILE,443,1.42261550905,1.48372717284
ALA,444,1.12746866871,1.35769993605
LYS,445,1.09123165902,1.34430760829
ILE,446,1.5237915362,1.53259281133
ALA,447,1.41919382268,1.5197764368
THR,448,1.07540426231,1.3512005535
GLU,449,1.11134951837,1.31569917956
ILE,450,1.51579216615,1.52920938885
TYR,451,1.55406403078,1.54489471148
GLY,452,1.22479061044,1.33260037715
ALA,453,1.32165877105,1.34378584564
ASP,454,0.869076245355,1.08431322031
GLY,455,1.06983079931,1.13900436951
VAL,456,1.28126168621,1.2222522629
ASN,457,0.908687757629,1.09244736318
TYR,458,1.23973468735,1.15372137697
THR,459,0.974705119342,1.04664171898
ALA,460,0.741496953933,0.922092984502
GLU,461,0.888729510975,1.06744818556
ALA,462,1.20896626536,1.31509754751
ASP,463,0.911668136982,1.12974695071
LYS,464,0.758905302667,1.06031761757
ALA,465,1.18858325093,1.26109255627
ILE,466,1.24455239181,1.28997329234
GLN,467,0.74150701186,1.09811059419
ARG,468,0.867262472043,1.12095565502
TYR,469,1.27303941641,1.30191910859
GLU,470,1.03927836474,1.21487905342
SER,471,0.782518041184,0.970941713938
LEU,472,1.01737334972,1.06623384431
GLY,473,0.944257291572,1.06576553288
TYR,474,1.22127340571,1.28547153397
GLY,475,1.17327736434,1.28666018237
ASN,476,0.957430732914,1.22686915844
LEU,477,1.31829953057,1.40547022638
PRO,478,1.45859219122,1.52371175471
VAL,479,1.51178157422,1.62040806374
VAL,480,1.71662760922,1.73441397354
MET,481,1.5835422871,1.70050142247
ALA,482,1.6196642549,1.74806709138
LYS,483,1.55203555119,1.62919371857
THR,484,1.39084332395,1.53366915645
GLN,485,1.53443266683,1.6147770437
TYR,486,1.33782160784,1.52820436443
SER,487,1.39581671611,1.57265870715
PHE,488,1.52595790124,1.56299466307
SER,489,1.35758415411,1.46321414169
ASP,490,1.29406369249,1.41402473089
ASP,491,1.06538888379,1.23567273437
MET,492,1.08906135263,1.30256449327
THR,493,0.949371727052,1.10765774598
LYS,494,1.03675872415,1.22069370346
LEU,495,1.23310191169,1.38294922948
GLY,496,1.34072932288,1.46528681827
ARG,497,1.16523628523,1.33884456429
PRO,498,1.23691766147,1.20785286072
ARG,499,0.861282852844,1.04886605896
ASN,500,0.705944005595,0.924080197451
PHE,501,1.2320133344,1.08092542398
THR,502,0.990290627963,1.17011628795
ILE,503,1.41699652311,1.3381770661
THR,504,1.08911702573,1.28003395851
VAL,505,1.39076410636,1.41382521712
ARG,506,1.01243676078,1.27071612597
GLU,507,1.21666468473,1.35275144891
VAL,508,1.39791863578,1.47971098201
ARG,509,1.36670788679,1.46862795923
LEU,510,1.40592804621,1.51804559531
SER,511,1.62503513302,1.61545612336
ALA,512,1.4138608176,1.51857220419
GLY,513,1.60591996895,1.61323546896
GLY,514,1.59895066398,1.57570993241
ARG,515,1.70656742645,1.61477318398
LEU,516,1.4370961135,1.62553924656
ILE,517,1.61059830442,1.68566744682
VAL,518,1.53928026378,1.61695623331
PRO,519,1.46416797699,1.59988543972
ILE,520,1.4201270567,1.48009293412
THR,521,1.2182555509,1.28342443867
GLY,522,1.15621199258,1.223007105
ALA,523,1.46292265688,1.4691078655
ILE,524,1.22637903584,1.3851021063
MET,525,1.21306262833,1.3569297897
THR,526,1.44737928324,1.50324195939
MET,527,1.34153716739,1.47961438346
PRO,528,1.38978112108,1.35198197394
GLY,529,1.17293456332,1.24690698752
LEU,530,1.10718427859,1.16030312906
PRO,531,1.00925516758,1.02274575507
LYS,532,0.598036311742,0.820965196457
ARG,533,0.667321577861,0.88509315544
PRO,534,0.928878468194,1.11099331484
ALA,535,1.13644594159,1.18737420757
ALA,536,1.02047729566,1.13245964943
CYS,537,0.779917612281,0.901442306817
ASN,538,0.796504021886,0.912339532695
ILE,539,1.03386763706,1.04218172735
ASP,540,0.658672732345,0.887281773658
ILE,541,0.758524988494,0.898493038898
ASP,542,0.651798201483,0.784955475345
ALA,543,0.544970170945,0.630214509192
ASP,544,0.587268750462,0.71218395726
GLY,545,0.781414416525,0.850232159818
VAL,546,0.980218016348,0.996439496858
ILE,547,0.780048702598,0.975830379913
THR,548,0.965492239646,1.03634183997
GLY,549,1.15200994443,1.17106940718
