resnam,resnum,wcnSC,wcnCA
ALA,1,0.502669337338,0.568565922036
PRO,2,0.756294896831,0.756671450721
SER,3,0.54402175846,0.751404715587
ARG,4,0.957244495806,0.971735543453
LYS,5,0.823427275216,1.01380874087
PHE,6,1.11647911587,1.18410167487
PHE,7,1.28453801177,1.31499323085
VAL,8,1.27044980137,1.39525713644
GLY,9,1.38528328487,1.43472922954
GLY,10,1.40611129285,1.4036053736
ASN,11,1.30420268906,1.34780439227
TRP,12,1.1926584078,1.21177671326
LYS,13,1.07299421213,1.09086691727
MET,14,0.680443050193,0.906976265077
ASN,15,0.824938029343,0.912322258068
GLY,16,0.853838407519,0.870047673992
ARG,17,0.595301271157,0.770300286988
LYS,18,0.623620091647,0.784954139925
GLN,19,0.444583484994,0.701478605628
SER,20,0.707493521327,0.82439972375
LEU,21,0.997463317771,1.01302423322
GLY,22,0.814330351589,0.923048906343
GLU,23,0.542042490002,0.847518742423
LEU,24,0.973591945757,1.01104901162
ILE,25,0.985311618183,1.0599640199
GLY,26,0.755184381299,0.884394744374
THR,27,0.7724858931,0.900095960201
LEU,28,1.08426175001,1.05420245987
ASN,29,0.829558532571,0.925372691991
ALA,30,0.590238059127,0.746507710459
ALA,31,0.866173318218,0.860206431117
LYS,32,0.53372100744,0.796530708693
VAL,33,0.91799866174,0.937155300617
PRO,34,0.881172752837,0.865962887688
ALA,35,0.566515104905,0.762081266656
ASP,36,0.754656113875,0.872881063559
THR,37,1.00814921856,1.09716918451
GLU,38,1.00023230243,1.1423443476
VAL,39,1.1839062867,1.25458200439
VAL,40,1.30478942975,1.35309790512
CYS,41,1.26984793659,1.35702677655
ALA,42,1.34227694779,1.38781747066
PRO,43,1.20838634656,1.23739648658
PRO,44,0.989586079194,1.09163906425
THR,45,0.928348332037,1.04169881251
ALA,46,0.739509951983,0.865560864237
TYR,47,0.840798039165,1.0187363155
ILE,48,1.0878980296,1.14730977402
ASP,49,0.695465150045,0.96539647556
PHE,50,0.834674885557,0.909735799007
ALA,51,1.06745093311,1.09691902239
ARG,52,0.92399927428,1.06579634694
GLN,53,0.595708101097,0.839558924912
LYS,54,0.677414445772,0.859659300291
LEU,55,1.06835800241,1.00483963556
ASP,56,0.735998861464,0.890982185432
PRO,57,0.665003858014,0.876700934766
LYS,58,0.814827449626,0.884717799411
ILE,59,1.09241183715,1.12182301914
ALA,60,1.09824228208,1.18497595294
VAL,61,1.17045891969,1.29377680446
ALA,62,1.31642053627,1.40660110408
ALA,63,1.24843367772,1.33866858
GLN,64,1.13860684994,1.29104568239
ASN,65,1.08815105701,1.21304275306
CYS,66,1.21309888473,1.17271117768
TYR,67,0.839696886327,1.05023866374
LYS,68,0.787921207307,1.00562384842
VAL,69,0.702883959021,0.830497655961
THR,70,0.67054558969,0.793740316003
ASN,71,0.591292827523,0.700149667162
GLY,72,0.590725754909,0.635269967847
ALA,73,0.451576912292,0.561974718712
PHE,74,0.663837218681,0.694247421695
THR,75,0.455852358137,0.620250075871
GLY,76,0.633969238298,0.695172603568
GLU,77,0.807889884856,0.872382770547
ILE,78,0.942316187603,0.978104037427
SER,79,0.925033650142,1.08152793181
PRO,80,1.13327073751,1.15669628865
GLY,81,0.905649140911,0.966395056517
MET,82,0.794067673279,0.965783728512
ILE,83,1.18091835106,1.16506959467
LYS,84,0.842911627184,1.06475480313
ASP,85,0.601692956674,0.858576803338
CYS,86,0.857146968317,0.965480047031
GLY,87,0.824073140316,0.957757091877
ALA,88,1.13817742077,1.20570007958
THR,89,0.974485155524,1.17401039841
TRP,90,1.20686177508,1.36160124977
VAL,91,1.32356323379,1.41166147622
VAL,92,1.34489114605,1.41830845338
LEU,93,1.28852249484,1.36745174043
GLY,94,1.27317743135,1.31227702723
HIS,95,1.26529233601,1.29823126236
SER,96,1.19102277544,1.1873408325
GLU,97,0.997436322874,1.05987608746
ARG,98,0.998998361992,1.11798697475
ARG,99,1.13813330785,1.12763557295
HIS,100,0.905033107801,0.946142796567
VAL,101,0.710162416639,0.832333305779
PHE,102,0.758263557813,0.866337780558
GLY,103,0.679941376536,0.829007779284
GLU,104,1.00703226103,1.00405676455
SER,105,0.732456978151,0.917846489592
ASP,106,0.95223852847,1.01326850134
GLU,107,0.665925396516,0.905567129596
LEU,108,0.913890644505,0.981595304318
ILE,109,1.16702445162,1.20144403363
GLY,110,1.09015014744,1.19810209779
GLN,111,0.769056154229,1.04260114753
LYS,112,1.10104439051,1.22661789088
VAL,113,1.22894412038,1.28758077176
ALA,114,0.901948547943,1.12212998956
HIS,115,0.896140097431,1.08873809869
ALA,116,1.21641088144,1.23757035896
LEU,117,1.08238925883,1.16664230558
ALA,118,0.756472880545,0.914605912303
GLU,119,0.877070692458,0.950693400698
GLY,120,0.824715710183,0.937792701017
LEU,121,1.14878954538,1.17695724077
GLY,122,1.14595110295,1.26024226149
VAL,123,1.30090016706,1.39140202531
ILE,124,1.37329934205,1.43454522497
ALA,125,1.31788673989,1.4184904257
CYS,126,1.36221398817,1.41262090839
ILE,127,1.24872606556,1.31089799055
GLY,128,1.21608326166,1.25650996009
GLU,129,1.11386419847,1.13095954706
LYS,130,0.831768418531,1.04738341322
LEU,131,0.749382768713,0.953915053758
ASP,132,0.570012677992,0.776306443069
GLU,133,0.842607384437,0.931365678429
ARG,134,0.968853857973,0.966138836571
GLU,135,0.606718873389,0.752356584318
ALA,136,0.604482995833,0.692029633458
GLY,137,0.616281861975,0.713376579889
ILE,138,0.701987348349,0.837187413998
THR,139,0.980590828681,1.01347992981
GLU,140,0.761284672824,0.935730502345
LYS,141,0.648570766068,0.882204362716
VAL,142,0.950217940932,1.03024225773
VAL,143,1.12067960029,1.18537777557
PHE,144,0.872662323107,1.07391753138
GLU,145,0.735303911584,1.00151171579
GLN,146,1.08617567495,1.17197501221
THR,147,1.13249684703,1.21470727389
LYS,148,0.739620512363,1.05534026092
VAL,149,0.924468126961,1.07636615287
ILE,150,1.22131734475,1.23849143605
ALA,151,0.984284641986,1.10653818502
ASP,152,0.73983704937,0.919676799937
ASN,153,0.950124275307,1.05403025369
VAL,154,1.07364174285,1.07352934049
LYS,155,0.596818576642,0.840193408865
ASP,156,0.765268948011,0.906763537273
TRP,157,1.07401111313,1.06202649781
SER,158,0.808183125149,0.980344607953
LYS,159,0.879715601602,1.12290637271
VAL,160,1.18094491025,1.29223082214
VAL,161,1.27266760599,1.36157387256
LEU,162,1.24146468869,1.4065037286
ALA,163,1.36976187296,1.4789593426
TYR,164,1.24432439338,1.4006326611
GLU,165,1.32404852515,1.35934502932
PRO,166,1.24876071529,1.23211726419
VAL,167,1.09963602696,1.18104114176
TRP,168,1.04677276678,1.11955758115
ALA,169,1.03447543921,1.05422575804
ILE,170,0.958633229759,0.989033501633
GLY,171,0.71890931508,0.768274725889
THR,172,0.816242768636,0.777619918443
GLY,173,0.614731560943,0.667141953066
LYS,174,0.631073930936,0.765962698197
THR,175,0.685620902658,0.836902805124
ALA,176,1.06762744893,0.962324644425
THR,177,0.76950809419,0.885063907718
PRO,178,0.887422383886,1.01636003633
GLN,179,0.6772012426,0.883145511695
GLN,180,0.859652180384,0.958565645725
ALA,181,1.14590563344,1.15602791468
GLN,182,0.956991476212,1.12751265621
GLU,183,0.763245410604,0.98501782252
VAL,184,1.08535760014,1.13186383937
HIS,185,1.18923698991,1.23098742551
GLU,186,0.730568213203,1.03955863997
LYS,187,0.815504986326,1.02301821607
LEU,188,1.14617874798,1.17766156615
ARG,189,1.01316612375,1.13373798447
GLY,190,0.79322775431,0.958176578816
TRP,191,0.95936022719,1.0242522388
LEU,192,1.07178785984,1.10271062234
LYS,193,0.685553043872,0.95762610219
SER,194,0.666881534958,0.757102817596
ASN,195,0.754082292346,0.816733935
VAL,196,0.844086971774,0.852846266168
SER,197,0.730953235374,0.860166421281
ASP,198,0.598863066601,0.86808642073
ALA,199,0.661952846287,0.795895094986
VAL,200,0.978007709365,1.01620290251
ALA,201,0.91706471538,1.08836659916
GLN,202,0.699752299951,0.924792956981
SER,203,0.793077202993,0.991370856442
THR,204,1.09278609701,1.16900816835
ARG,205,1.06984045059,1.27141381627
ILE,206,1.19450460964,1.3711010569
ILE,207,1.33416360228,1.47486262978
TYR,208,1.29514413803,1.42111300648
GLY,209,1.33348852712,1.39815749435
GLY,210,1.2544851168,1.22434155204
SER,211,0.926532953183,1.06534717966
VAL,212,1.23076319195,1.15779554147
THR,213,0.933481969358,1.03673962516
GLY,214,0.946428738419,0.956551310542
ALA,215,0.722945481106,0.806710036941
THR,216,0.924832793782,0.963707193963
CYS,217,1.09528981458,1.13692546364
LYS,218,0.738228792676,0.963523129888
GLU,219,0.67578209564,0.894948807829
LEU,220,1.10425206143,1.1190356045
ALA,221,1.03428494049,1.12927745638
SER,222,0.7508322911,0.912354040802
GLN,223,0.907885618216,0.985165808275
PRO,224,0.77928575828,0.902598521837
ASP,225,0.945670016433,1.09891980675
VAL,226,1.1404608026,1.25538004572
ASP,227,1.09387383295,1.28011684416
GLY,228,1.25663023024,1.3889047615
PHE,229,1.27742441276,1.43238014579
LEU,230,1.38722593293,1.43415039549
VAL,231,1.3251620477,1.35690829829
GLY,232,1.21654228372,1.20411401629
GLY,233,1.04784970492,1.03883036501
ALA,234,1.11143333889,1.08900996929
SER,235,1.27727284055,1.24793371352
LEU,236,0.983710820083,1.06025683356
LYS,237,0.80283306317,0.959924428565
PRO,238,0.726267224845,0.923161344008
GLU,239,0.926436745359,1.00739593698
PHE,240,1.24759043812,1.20768975282
VAL,241,0.910997846578,1.07574361763
ASP,242,0.765344200448,1.02122210326
ILE,243,1.19480232926,1.21211062369
ILE,244,1.12340798214,1.1867581693
ASN,245,0.841297463334,1.02670340305
ALA,246,1.07302313172,1.06725364309
LYS,247,0.870461930604,0.921606458559
GLN,248,0.641256491194,0.711592824963
