resnam,resnum,wcnSC,wcnCA
TRP,1,1.33629111565,1.33996987608
GLY,2,1.177932728,1.2253166287
ALA,3,1.0402083024,1.17515553061
LEU,4,1.15498634188,1.27793311187
GLY,5,1.31936160429,1.39495992587
HIS,6,1.34331056886,1.44128703786
ALA,7,1.26144250571,1.39399905564
THR,8,1.30265118364,1.43124234752
VAL,9,1.4145280901,1.51752243637
ALA,10,1.34302144932,1.45848978689
TYR,11,1.1204315058,1.31413917065
VAL,12,1.23906004439,1.35393631559
ALA,13,1.30252877433,1.40543805219
GLN,14,1.0906633951,1.19538410901
HIS,15,0.853364016468,1.04075883299
TYR,16,0.983796743439,1.0654889455
VAL,17,1.07838464052,1.1047468598
SER,18,0.850675760761,0.887797917393
PRO,19,0.63739397808,0.781703948423
GLU,20,0.631447248039,0.780344418857
ALA,21,1.00489801235,1.01906079672
ALA,22,0.925862498373,1.03892583267
SER,23,0.647997214028,0.889457809032
TRP,24,0.906196901761,0.931973614261
ALA,25,1.08500770398,1.10181548072
GLN,26,0.841265590499,1.0419822223
GLY,27,0.723826293217,0.881956150021
ILE,28,0.903155668234,0.983542706962
LEU,29,1.01919127988,1.01701034649
GLY,30,0.695068837254,0.813991111401
SER,31,0.793769597182,0.855031390892
SER,32,0.626846079961,0.795226439814
SER,33,0.825919096951,0.811365779297
SER,34,0.698927232817,0.818689416235
SER,35,0.961321797946,1.02246872948
TYR,36,1.05578292593,1.08250716488
LEU,37,1.24105916779,1.23779373267
ALA,38,1.24349619666,1.29871510913
SER,39,0.95552433633,1.05886911203
ILE,40,1.05115126076,1.14287679249
ALA,41,1.2789103258,1.34628755552
SER,42,1.10648304884,1.20804782296
TRP,43,0.96156654349,1.10393013182
ALA,44,1.19714039604,1.17600988729
ASP,45,1.12515858529,1.10124282492
GLU,46,0.762283175765,0.94871797974
TYR,47,0.923355405707,0.991437955923
ARG,48,0.993122803778,1.04205501444
LEU,49,0.678207716507,0.82356814812
THR,50,0.683076075474,0.768546370042
SER,51,0.488207632813,0.650342960157
ALA,52,0.635874022687,0.683349944908
GLY,53,0.873021256038,0.927316835922
LYS,54,0.608944508843,0.869771539398
TRP,55,0.799824864465,0.815074651344
SER,56,1.02807706941,1.01832729993
ALA,57,0.875376204887,1.02939736418
SER,58,0.96122746899,1.0724501888
LEU,59,1.12408346493,1.26249729015
HIS,60,1.19546303906,1.28813430482
PHE,61,1.04960508867,1.34855066594
ILE,62,1.21281066244,1.31201930568
ASP,63,0.980550469738,1.21042749531
ALA,64,1.17091515854,1.20543149711
GLU,65,0.794104110696,0.939393771799
ASP,66,1.05463222147,0.937226232382
ASN,67,0.639840888702,0.85672898038
PRO,68,1.01039393609,1.04420970503
PRO,69,0.801015322703,1.01094588239
THR,70,0.590989886063,0.756846099601
ASN,71,0.656925891111,0.843714037876
CYS,72,1.11447252835,1.03208630621
ASN,73,0.793907826846,0.980021023798
VAL,74,1.14031106137,1.08190103359
ASP,75,0.713786387369,0.93818744911
TYR,76,0.924907901994,0.984184195516
GLU,77,0.514404359373,0.791919091434
ARG,78,0.783207973346,0.802141664611
ASP,79,0.993367011616,1.03679670079
CYS,80,1.09389550012,1.07650366305
GLY,81,0.794854791354,0.868182013414
SER,82,0.559644872615,0.707000224979
SER,83,0.777492673454,0.807103289034
GLY,84,0.9935598529,1.01398568737
CYS,85,1.23745554615,1.26344118687
SER,86,1.29403252744,1.38077658368
ILE,87,1.22166654538,1.28633361434
SER,88,1.04940491728,1.13602413353
ALA,89,1.20421613353,1.23246751119
ILE,90,1.23714740311,1.29594547938
ALA,91,0.968854508735,1.1382553458
ASN,92,0.891194225921,1.04025079069
TYR,93,1.09658284175,1.19463232391
THR,94,1.05549570887,1.15934468952
GLN,95,0.720552546706,0.980885036219
ARG,96,0.8482069139,1.02281902449
VAL,97,1.05002175599,1.10169689953
SER,98,0.772762387695,0.903043890436
ASP,99,0.674346928614,0.813187772616
SER,100,0.476278170099,0.643396428465
SER,101,0.470654332833,0.580070609452
LEU,102,0.757192406504,0.725350723079
SER,103,0.653832014201,0.719356062896
SER,104,0.609057421713,0.791601666995
GLU,105,0.586044215827,0.839311838341
ASN,106,0.770378594692,0.91843308407
HIS,107,0.789146574157,1.08239824143
ALA,108,0.876703688624,1.09228787027
GLU,109,0.893523058935,1.07322655328
ALA,110,1.05855775771,1.21543406778
LEU,111,1.1378078354,1.26226901733
ARG,112,0.976583970903,1.26509656049
PHE,113,1.13572578372,1.30517229939
LEU,114,1.17920410578,1.37634145654
VAL,115,1.26924440967,1.41008853736
HIS,116,1.32503545234,1.43743094194
PHE,117,1.26596535092,1.44451870554
ILE,118,1.29290548345,1.45230587258
GLY,119,1.39389821638,1.51339058935
ASP,120,1.32608852916,1.45711292446
MET,121,1.32678611679,1.46438539772
THR,122,1.3634250948,1.44712230449
GLN,123,1.32597167037,1.41744280022
PRO,124,1.29903132098,1.40067319602
LEU,125,1.26282644495,1.35216406739
HIS,126,1.26693130156,1.39628273755
ASP,127,1.29551002938,1.41366526788
GLU,128,1.16582333714,1.32029288327
ALA,129,0.971613231494,1.14300791399
TYR,130,0.8956255282,1.02022909319
ALA,131,0.951764356985,0.953795010153
VAL,132,0.823704006445,0.991005469533
GLY,133,1.14639865193,1.22258769995
GLY,134,1.17224557599,1.19602026324
ASN,135,0.971370575569,1.05484041131
LYS,136,0.658980789858,0.894743463302
ILE,137,1.02999465315,0.993183609274
ASN,138,0.631438206766,0.912239028692
VAL,139,0.931757605509,0.984133057712
THR,140,0.689194629137,0.940161874566
PHE,141,0.956722823769,0.994961524078
ASP,142,0.728494647472,0.800841132691
GLY,143,0.620014510098,0.689554551248
TYR,144,0.587216203998,0.7625871277
HIS,145,0.524093557947,0.784797200863
ASP,146,0.888735010568,0.941496866183
ASN,147,0.941219488781,1.08890627335
LEU,148,1.13738597683,1.18429656316
HIS,149,1.18581269785,1.24151333293
SER,150,1.00160443837,1.15622799028
ASP,151,1.07524114037,1.22259198579
TRP,152,1.23962551345,1.28263937244
ASP,153,1.20821579925,1.33084165011
THR,154,1.04692768648,1.21512982779
TYR,155,0.897718048655,1.11323299107
MET,156,1.11049325788,1.16666598005
PRO,157,1.15103059157,1.21393819686
GLN,158,0.952370113747,1.11390222989
LYS,159,0.78517234165,0.968293623556
LEU,160,0.941858603333,0.959118296677
ILE,161,0.986893136122,0.96503965045
GLY,162,0.773498046287,0.840717835675
GLY,163,0.879977732132,0.884084037701
HIS,164,0.828832661653,1.01292583912
ALA,165,0.777691868428,0.90096699817
LEU,166,0.93456859899,0.99455067143
SER,167,0.708134126377,0.88085620098
ASP,168,0.893131914453,1.02621077697
ALA,169,1.20083767342,1.25050529422
GLU,170,0.791913744515,1.09402676897
SER,171,0.769937208338,0.966706718313
TRP,172,1.17854214286,1.12042384654
ALA,173,1.10424288091,1.2487718207
LYS,174,0.725585384923,1.00700523242
THR,175,0.83097190906,0.966000023771
LEU,176,1.14023121946,1.15282009642
VAL,177,0.973983179473,1.09548571373
GLN,178,0.649251992055,0.922993762587
ASN,179,0.852375830487,1.03576506779
ILE,180,1.03834784318,1.08218105839
GLU,181,0.733885391092,0.858415627882
SER,182,0.555067280333,0.74674455059
GLY,183,0.704527189818,0.823917552212
ASN,184,0.657815612817,0.793669636905
TYR,185,0.988363821749,0.993022806262
THR,186,0.666684178857,0.911669947405
ALA,187,0.563624364796,0.738801289487
GLN,188,0.791632891759,0.888138290006
ALA,189,0.938266877849,1.02854164343
ILE,190,0.664661816923,0.889394014131
GLY,191,0.802478942952,0.911147838369
TRP,192,1.08945623869,1.0959031022
ILE,193,0.974043616216,1.08331742141
LYS,194,0.613522936531,0.890491781751
GLY,195,0.763338992031,0.82299144866
ASP,196,1.06520784599,1.02727527653
ASN,197,0.746568965008,0.944448282793
ILE,198,0.898566150794,1.00334450357
SER,199,0.667412943687,0.80239673089
GLU,200,0.714818028168,0.902120982655
PRO,201,0.938052967939,1.11916445893
ILE,202,0.914057085942,1.0537485864
THR,203,0.773323954939,0.966466696422
THR,204,1.05219889179,1.14735510241
ALA,205,1.22750029065,1.28549127581
THR,206,0.985007519855,1.19146280851
ARG,207,0.89167533881,1.12792154367
TRP,208,1.2354397702,1.29008364073
ALA,209,1.26182968161,1.35395200782
SER,210,0.968700228372,1.19673046039
ASP,211,1.03508391175,1.15513625089
ALA,212,1.28130407003,1.34691229156
ASN,213,1.180680197,1.32850086389
ALA,214,0.928677961853,1.12520881878
LEU,215,1.11479414716,1.19119933928
VAL,216,1.20496004281,1.25651312661
CYS,217,1.00098099044,1.12116437367
THR,218,0.805196146663,0.968208554028
VAL,219,1.00675287446,1.06344691699
VAL,220,1.20313307519,1.16431258987
MET,221,1.05582809405,1.08400463743
PRO,222,0.842119496952,0.958044333218
HIS,223,0.617088002704,0.793278133607
GLY,224,0.824260322683,0.866132337977
ALA,225,0.919704054204,0.913895670307
ALA,226,0.599365422938,0.753756670849
ALA,227,0.697165032349,0.786344319846
LEU,228,0.961065525118,0.939296342254
GLN,229,0.732772791091,0.863995022467
THR,230,0.521169166736,0.707185323711
GLY,231,0.588158260044,0.712352621844
ASP,232,0.700796251912,0.8444740771
LEU,233,0.936930427409,0.986231032086
TYR,234,0.741838850199,0.94001256823
PRO,235,0.623553241711,0.839365369488
THR,236,0.580927615421,0.794918624391
TYR,237,1.02667487259,0.965604838056
TYR,238,0.914846655305,1.04122207467
ASP,239,0.662270026883,0.885154622428
SER,240,0.802064930417,0.895376388231
VAL,241,1.07924306214,1.08584824967
ILE,242,0.981188160079,1.0874105398
ASP,243,0.756359078432,0.999679192748
THR,244,1.07402661521,1.14168247281
ILE,245,1.18463547271,1.26938099559
GLU,246,0.990979594575,1.21233581192
LEU,247,1.04423503388,1.20225728692
GLN,248,1.2682025184,1.35751250575
ILE,249,1.31415513069,1.42060013986
ALA,250,1.20325554731,1.35215688414
LYS,251,1.18964594729,1.34926909499
GLY,252,1.39385554341,1.49260800574
GLY,253,1.37281227874,1.51253955793
TYR,254,1.03915609605,1.32775263551
ARG,255,1.20841905503,1.34279524148
LEU,256,1.33041486138,1.40690068501
ALA,257,1.13840365849,1.33779779685
ASN,258,0.972821071071,1.17949207349
TRP,259,1.13127727441,1.2313118499
ILE,260,1.152599048,1.21015148525
ASN,261,0.9385307402,1.07405392101
GLU,262,0.869688581341,0.962922662361
ILE,263,0.987486446725,0.986772623251
HIS,264,0.74543356133,0.864769765569
