==== Secondary Structure Definition by the program DSSP, CMBI version by M.L. Hekkelman/2010-10-21 ==== DATE=2016-02-01        .
REFERENCE W. KABSCH AND C.SANDER, BIOPOLYMERS 22 (1983) 2577-2637                                                              .
                                                                                                                               .
COMPND                                                                                                                         .
SOURCE                                                                                                                         .
AUTHOR                                                                                                                         .
  302  2  0  0  0 TOTAL NUMBER OF RESIDUES, NUMBER OF CHAINS, NUMBER OF SS-BRIDGES(TOTAL,INTRACHAIN,INTERCHAIN)                .
 12008.4   ACCESSIBLE SURFACE OF PROTEIN (ANGSTROM**2)                                                                         .
  230 76.2   TOTAL NUMBER OF HYDROGEN BONDS OF TYPE O(I)-->H-N(J)  , SAME NUMBER PER 100 RESIDUES                              .
   24  7.9   TOTAL NUMBER OF HYDROGEN BONDS IN     PARALLEL BRIDGES, SAME NUMBER PER 100 RESIDUES                              .
   24  7.9   TOTAL NUMBER OF HYDROGEN BONDS IN ANTIPARALLEL BRIDGES, SAME NUMBER PER 100 RESIDUES                              .
    2  0.7   TOTAL NUMBER OF HYDROGEN BONDS OF TYPE O(I)-->H-N(I-5), SAME NUMBER PER 100 RESIDUES                              .
    0  0.0   TOTAL NUMBER OF HYDROGEN BONDS OF TYPE O(I)-->H-N(I-4), SAME NUMBER PER 100 RESIDUES                              .
    0  0.0   TOTAL NUMBER OF HYDROGEN BONDS OF TYPE O(I)-->H-N(I-3), SAME NUMBER PER 100 RESIDUES                              .
    0  0.0   TOTAL NUMBER OF HYDROGEN BONDS OF TYPE O(I)-->H-N(I-2), SAME NUMBER PER 100 RESIDUES                              .
    0  0.0   TOTAL NUMBER OF HYDROGEN BONDS OF TYPE O(I)-->H-N(I-1), SAME NUMBER PER 100 RESIDUES                              .
    0  0.0   TOTAL NUMBER OF HYDROGEN BONDS OF TYPE O(I)-->H-N(I+0), SAME NUMBER PER 100 RESIDUES                              .
    0  0.0   TOTAL NUMBER OF HYDROGEN BONDS OF TYPE O(I)-->H-N(I+1), SAME NUMBER PER 100 RESIDUES                              .
   18  6.0   TOTAL NUMBER OF HYDROGEN BONDS OF TYPE O(I)-->H-N(I+2), SAME NUMBER PER 100 RESIDUES                              .
   28  9.3   TOTAL NUMBER OF HYDROGEN BONDS OF TYPE O(I)-->H-N(I+3), SAME NUMBER PER 100 RESIDUES                              .
  112 37.1   TOTAL NUMBER OF HYDROGEN BONDS OF TYPE O(I)-->H-N(I+4), SAME NUMBER PER 100 RESIDUES                              .
   10  3.3   TOTAL NUMBER OF HYDROGEN BONDS OF TYPE O(I)-->H-N(I+5), SAME NUMBER PER 100 RESIDUES                              .
  1  2  3  4  5  6  7  8  9 10 11 12 13 14 15 16 17 18 19 20 21 22 23 24 25 26 27 28 29 30     *** HISTOGRAMS OF ***           .
  0  0  0  4  0  0  4  0  2  2  0  0  2  0  0  0  2  0  0  0  0  0  0  0  0  0  0  0  0  0    RESIDUES PER ALPHA HELIX         .
  0  0  0  2  2  0  0  0  0  0  0  0  0  0  0  0  0  0  0  0  0  0  0  0  0  0  0  0  0  0    PARALLEL BRIDGES PER LADDER      .
  0  0  0  0  4  0  0  0  0  0  0  0  0  0  0  0  0  0  0  0  0  0  0  0  0  0  0  0  0  0    ANTIPARALLEL BRIDGES PER LADDER  .
  0  0  0  2  0  0  0  0  0  0  0  0  0  0  0  0  0  0  0  0  0  0  0  0  0  0  0  0  0  0    LADDERS PER SHEET                .
  #  RESIDUE AA STRUCTURE BP1 BP2  ACC     N-H-->O    O-->H-N    N-H-->O    O-->H-N    TCO  KAPPA ALPHA  PHI   PSI    X-CA   Y-CA   Z-CA 
    1    1 A S    >         0   0  116      0, 0.0     3,-1.3     0, 0.0     4,-0.3   0.000 360.0 360.0 360.0 -15.2  -33.2    2.3    2.8
    2    2 A K  T 3   +     0   0  164      1,-0.3     4,-0.2     2,-0.1     3,-0.2   0.730 360.0  42.6 -62.6 -24.1  -34.8    5.6    3.9
    3    3 A W  T 3> S+     0   0   62      1,-0.1     4,-3.1     2,-0.1    -1,-0.3   0.429  85.4 101.3-102.4   2.6  -32.2    6.1    6.6
    4    4 A D  H <> S+     0   0   24     -3,-1.3     4,-1.9     1,-0.2     5,-0.2   0.776  80.9  48.5 -59.6 -32.8  -29.2    5.0    4.4
    5    5 A Q  H  > S+     0   0  172     -4,-0.3     4,-1.8    -3,-0.2    -1,-0.2   0.920 115.0  47.1 -71.3 -40.9  -27.9    8.6    3.6
    6    6 A K  H  > S+     0   0   86     -4,-0.2     4,-2.0     1,-0.2    -2,-0.2   0.941 114.0  46.8 -62.7 -50.0  -28.2    9.4    7.4
    7    7 A G  H  X S+     0   0    0     -4,-3.1     4,-2.5     1,-0.2    -1,-0.2   0.899 113.6  46.2 -62.4 -42.4  -26.4    6.2    8.4
    8    8 A M  H  X S+     0   0    4     -4,-1.9     4,-2.3    -5,-0.2    -1,-0.2   0.821 110.4  55.5 -71.5 -28.4  -23.6    6.4    5.9
    9    9 A D  H  X S+     0   0   66     -4,-1.8     4,-2.0     2,-0.2    -1,-0.2   0.910 110.8  43.4 -65.7 -43.1  -23.1   10.1    6.8
   10   10 A I  H  X S+     0   0   15     -4,-2.0     4,-2.3     2,-0.2    -2,-0.2   0.919 113.5  51.5 -68.1 -43.8  -22.7    9.3   10.5
   11   11 A A  H  X S+     0   0    0     -4,-2.5     4,-2.2     1,-0.2    -2,-0.2   0.917 111.6  47.6 -61.6 -39.1  -20.4    6.3    9.7
   12   12 A Y  H  X S+     0   0   60     -4,-2.3     4,-2.5     1,-0.2    -1,-0.2   0.904 108.1  55.1 -69.8 -37.5  -18.3    8.6    7.5
   13   13 A E  H  X S+     0   0  101     -4,-2.0     4,-2.0     1,-0.2    -1,-0.2   0.887 109.6  47.8 -58.5 -40.4  -18.2   11.2   10.3
   14   14 A E  H  X S+     0   0   17     -4,-2.3     4,-2.9     2,-0.2    -2,-0.2   0.898 110.4  51.0 -68.9 -39.7  -16.8    8.5   12.7
   15   15 A A  H  X S+     0   0    0     -4,-2.2     4,-2.1     2,-0.2    -2,-0.2   0.874 111.7  47.4 -61.8 -40.8  -14.2    7.4   10.1
   16   16 A A  H  X S+     0   0   33     -4,-2.5     4,-2.3     2,-0.2    -1,-0.2   0.889 112.2  50.2 -68.7 -39.9  -13.1   11.0    9.7
   17   17 A L  H  X S+     0   0   75     -4,-2.0     4,-1.7    -5,-0.2    -2,-0.2   0.928 111.1  48.5 -62.9 -46.1  -12.9   11.5   13.4
   18   18 A G  H  <>S+     0   0    0     -4,-2.9     5,-2.6     1,-0.2     4,-0.3   0.904 108.9  53.7 -62.0 -38.0  -10.9    8.4   13.8
   19   19 A Y  H ><5S+     0   0   60     -4,-2.1     3,-1.8     1,-0.2    -2,-0.2   0.942 107.1  51.2 -60.8 -45.4   -8.6    9.5   11.0
   20   20 A K  H 3<5S+     0   0  185     -4,-2.3    -1,-0.2     1,-0.3    -2,-0.2   0.835 106.4  56.0 -60.0 -32.9   -8.0   12.8   12.9
   21   21 A E  T 3<5S-     0   0   93     -4,-1.7    -1,-0.3    -5,-0.1    -2,-0.2   0.483 124.4-102.5 -77.9  -5.7   -7.2   10.8   16.1
   22   22 A G  T < 5S+     0   0   31     -3,-1.8    -3,-0.2    -4,-0.3    -2,-0.1   0.544  82.5 115.7  95.9   7.4   -4.5    8.9   14.2
   23   23 A G  S   <S-     0   0    0     -5,-2.6    -1,-0.2    -6,-0.2    22,-0.1  -0.224  77.3 -65.5-100.0-167.9   -6.3    5.7   13.7
   24   24 A V        -     0   0    0     20,-0.1     2,-2.1     1,-0.1    20,-0.4  -0.673  52.9-124.0 -75.9 125.6   -7.6    3.6   10.8
   25   25 A P        +     0   0    0      0, 0.0     2,-0.4     0, 0.0   -10,-0.2  -0.422  65.7 124.7 -79.2  72.5  -10.4    5.6    9.1
   26   26 A I        +     0   0    7     -2,-2.1    18,-2.1   -12,-0.2     2,-0.3  -0.992  32.5 173.5-129.9 124.5  -13.3    3.2    9.4
   27   27 A G  E     +A   43   0A   0     -2,-0.4    53,-2.2    16,-0.2    54,-0.3  -0.822   5.2 172.3-130.4 165.8  -16.5    4.2   11.1
   28   28 A G  E     -AB  42  79A   0     14,-2.6    14,-1.9    -2,-0.3     2,-0.3  -0.966  12.4-162.4-159.4 174.5  -20.0    2.8   11.6
   29   29 A C  E     -AB  41  78A   0     49,-1.7    49,-3.3    -2,-0.3     2,-0.5  -0.969  18.2-133.1-161.9 154.6  -23.3    3.2   13.3
   30   30 A L  E     -AB  40  77A   0     10,-2.4     9,-2.4    -2,-0.3    10,-1.0  -0.979  27.0-171.7-116.3 124.0  -26.3    1.1   14.1
   31   31 A I  E     -AB  38  76A   0     45,-2.5    45,-1.9    -2,-0.5     2,-0.5  -0.917  27.4-120.6-120.6 140.1  -29.7    2.5   13.3
   32   32 A N  E  >  - B   0  75A  32      5,-2.5     4,-2.2    -2,-0.4    43,-0.3  -0.675  23.4-144.3 -76.3 124.9  -33.3    1.3   14.1
   33   33 A N  T  4 S+     0   0   35     41,-2.5    -1,-0.1    -2,-0.5    42,-0.1   0.748  90.5  57.0 -63.4 -25.2  -35.0    0.8   10.8
   34   34 A K  T  4 S+     0   0  151     40,-0.5    -1,-0.2     1,-0.1    41,-0.1   0.959 125.7   8.5 -72.8 -54.9  -38.3    2.0   12.0
   35   35 A D  T  4 S-     0   0   79      2,-0.1    -2,-0.2   -32,-0.0    -1,-0.1   0.462  93.4-117.6-112.2  -1.8  -37.7    5.4   13.3
   36   36 A G     <  +     0   0    0     -4,-2.2    -3,-0.1     1,-0.2     2,-0.1   0.603  56.4 158.3  78.0  10.2  -34.1    6.1   12.3
   37   37 A S        -     0   0   47     -5,-0.2    -5,-2.5     1,-0.1     2,-0.8  -0.381  43.0-123.0 -71.2 145.3  -32.8    6.4   15.8
   38   38 A V  E     -A   31   0A  53     -7,-0.2    -7,-0.2     1,-0.2     3,-0.1  -0.805  24.3-176.3 -93.9 112.1  -29.1    5.9   16.3
   39   39 A L  E     -     0   0A  51     -9,-2.4     2,-0.3    -2,-0.8    -1,-0.2   0.733  68.4 -30.9 -74.7 -25.2  -28.5    3.1   18.8
   40   40 A G  E     -A   30   0A   9    -10,-1.0   -10,-2.4     2,-0.0     2,-0.3  -0.934  52.3-156.5 177.6 161.0  -24.7    3.7   18.7
   41   41 A R  E     +A   29   0A  89     -2,-0.3     2,-0.3   -12,-0.2   -12,-0.2  -0.981  21.3 150.1-150.5 153.5  -21.8    4.8   16.6
   42   42 A G  E     -A   28   0A   1    -14,-1.9   -14,-2.6    -2,-0.3     2,-0.3  -0.970  25.8-137.1-168.7 178.8  -18.0    4.2   16.6
   43   43 A H  E     -A   27   0A  12     -2,-0.3   -16,-0.2   -16,-0.2   -28,-0.1  -0.920  47.8 -66.0-144.2 167.6  -14.8    3.9   14.7
   44   44 A N        -     0   0    0    -18,-2.1    11,-0.2   -20,-0.4     4,-0.2  -0.356  40.5-172.3 -56.0 132.8  -11.7    1.6   14.7
   45   45 A M     >  +     0   0   30      9,-2.7     4,-2.4     1,-0.1     6,-1.0   0.040  45.5 119.6-118.3  27.2   -9.8    2.0   17.9
   46   46 A R  H  >>S+     0   0    1      8,-0.4     4,-1.1     4,-0.2     5,-0.8   0.959  89.9  27.2 -55.4 -53.0   -6.7   -0.1   17.1
   47   47 A F  H  45S+     0   0   48      2,-0.2    -1,-0.2     3,-0.2     3,-0.1   0.906 119.3  55.5 -77.3 -40.7   -4.4    2.8   17.5
   48   48 A Q  H  45S+     0   0   53     -4,-0.2    -2,-0.2     1,-0.2    -1,-0.2   0.850 129.7  14.3 -59.0 -38.5   -6.4    4.9   20.0
   49   49 A K  H  <5S-     0   0  143     -4,-2.4    -1,-0.2     5,-0.1    -2,-0.2   0.292  99.6-112.0-122.9  10.2   -6.6    2.0   22.5
   50   50 A G  T  <5 +     0   0   35     -4,-1.1     2,-0.5    -5,-0.2   168,-0.4   0.903  63.2 167.0  56.7  41.0   -4.0   -0.6   21.4
   51   51 A S      < -     0   0    1     -6,-1.0    -1,-0.2    -5,-0.8   163,-0.1  -0.772  38.9-171.6-100.7 127.4   -7.0   -2.8   20.5
   52   52 A A  S    S+     0   0    0     -2,-0.5    -1,-0.1   162,-0.2   162,-0.1   0.511  91.7  35.0 -88.5  -3.9   -6.9   -6.0   18.4
   53   53 A T  S    S+     0   0    2      1,-0.1     2,-2.5    -8,-0.1     5,-0.2   0.642  84.1  96.3-123.7 -19.9  -10.6   -6.3   18.3
   54   54 A L        +     0   0   22      4,-0.1    -9,-2.7    -9,-0.1    -8,-0.4  -0.411  47.7 161.5 -75.9  67.7  -12.2   -2.8   18.2
   55   55 A H     >  -     0   0    8     -2,-2.5     4,-3.2   -11,-0.2     5,-0.3  -0.362  59.4 -92.2 -70.6 173.9  -12.7   -2.6   14.5
   56   56 A G  H  > S+     0   0    0      1,-0.2     4,-2.1     2,-0.2   -28,-0.2   0.905 127.5  44.6 -57.7 -42.9  -15.2    0.1   13.4
   57   57 A E  H  > S+     0   0    6      2,-0.2     4,-2.3     1,-0.2    -1,-0.2   0.895 115.7  46.9 -68.3 -40.7  -18.1   -2.3   13.4
   58   58 A I  H  > S+     0   0    3      2,-0.2     4,-2.8     1,-0.2    -2,-0.2   0.932 112.1  50.1 -66.9 -45.0  -17.2   -3.9   16.7
   59   59 A S  H  X S+     0   0    5     -4,-3.2     4,-2.6     1,-0.2    -2,-0.2   0.915 109.6  53.4 -59.6 -41.6  -16.6   -0.5   18.4
   60   60 A T  H  X S+     0   0    0     -4,-2.1     4,-0.8    -5,-0.3    -1,-0.2   0.952 110.9  44.2 -57.8 -49.2  -20.0    0.5   17.1
   61   61 A L  H >X S+     0   0    0     -4,-2.3     3,-0.7     1,-0.2     4,-0.5   0.897 112.1  53.3 -64.8 -39.1  -21.7   -2.5   18.6
   62   62 A E  H >< S+     0   0   40     -4,-2.8     3,-1.3     1,-0.2    -1,-0.2   0.920 106.6  53.6 -59.9 -39.9  -19.7   -2.0   21.9
   63   63 A N  H 3< S+     0   0   95     -4,-2.6    -1,-0.2     1,-0.3    -2,-0.2   0.666  98.3  62.4 -70.7 -18.1  -20.9    1.6   22.0
   64   64 A C  H << S-     0   0   17     -4,-0.8    -1,-0.3    -3,-0.7    -2,-0.2   0.657 101.5-148.3 -77.0 -16.8  -24.6    0.6   21.7
   65   65 A G    <<  -     0   0   21     -3,-1.3     2,-0.2    -4,-0.5    -1,-0.2  -0.099  41.4 -21.9  76.0-176.5  -24.2   -1.2   25.0
   66   66 A R  S    S+     0   0   94    136,-0.3     2,-0.3   132,-0.1   138,-0.1  -0.466  71.9 176.4 -66.6 133.9  -25.9   -4.4   26.2
   67   67 A L        -     0   0   35     -2,-0.2   235,-0.1   232,-0.2     2,-0.1  -0.988  35.5-104.0-140.0 149.7  -29.1   -5.0   24.4
   68   68 A E    >>  -     0   0  115     -2,-0.3     3,-1.7     1,-0.1     4,-0.6  -0.460  41.2-113.5 -68.5 146.9  -31.8   -7.7   24.3
   69   69 A G  H >> S+     0   0    2    234,-0.3     3,-0.8     1,-0.3     4,-0.7   0.810 112.0  63.3 -51.7 -36.5  -31.4   -9.8   21.2
   70   70 A K  H >4 S+     0   0  140      1,-0.2     3,-0.6     2,-0.2     4,-0.3   0.793  90.0  67.8 -63.2 -27.3  -34.7   -8.6   19.7
   71   71 A V  H X4 S+     0   0   44     -3,-1.7     3,-1.0     1,-0.2    -1,-0.2   0.897  98.0  51.5 -60.5 -38.7  -33.5   -5.1   19.5
   72   72 A Y  H X< S+     0   0    0     -3,-0.8     3,-1.3    -4,-0.6    -1,-0.2   0.759  88.3  83.9 -69.9 -23.5  -31.0   -6.0   16.8
   73   73 A K  T << S+     0   0   88     -4,-0.7    -1,-0.2    -3,-0.6    -2,-0.1   0.629  97.0  35.8 -61.2 -16.7  -33.5   -7.7   14.6
   74   74 A D  T <  S+     0   0   84     -3,-1.0   -41,-2.5    -4,-0.3   -40,-0.5  -0.310  98.7 100.4-131.7  53.6  -34.7   -4.6   12.9
   75   75 A T  E <   -B   32   0A   0     -3,-1.3    23,-1.0   -43,-0.3     2,-0.4  -0.773  58.7-137.8-125.7 169.5  -31.6   -2.5   12.6
   76   76 A T  E     -Bc  31  98A   0    -45,-1.9   -45,-2.5    -2,-0.3     2,-0.6  -0.999  12.1-146.2-128.6 131.9  -29.1   -1.7    9.9
   77   77 A L  E     -Bc  30  99A   0     21,-2.4    23,-2.2    -2,-0.4     2,-0.5  -0.882  15.6-157.7 -97.7 121.2  -25.4   -1.6   10.6
   78   78 A Y  E     +Bc  29 100A   0    -49,-3.3   -49,-1.7    -2,-0.6     2,-0.4  -0.889  15.0 175.6 -98.4 134.3  -23.7    1.0    8.5
   79   79 A T  E     -Bc  28 101A   0     21,-2.5    23,-3.0    -2,-0.5   -51,-0.2  -0.999  32.5-143.5-139.1 134.0  -19.9    0.6    7.9
   80   80 A T  E    S+     0   0A   2    -53,-2.2    23,-0.6    -2,-0.4     2,-0.3   0.692  90.8  44.6 -65.9 -19.7  -17.7    2.8    5.7
   81   81 A L  E    S- c   0 103A   4    -54,-0.3    23,-0.2    21,-0.2     3,-0.1  -0.968  99.2 -96.4-129.7 141.9  -15.7   -0.3    4.7
   82   82 A S        -     0   0    1     21,-1.8     2,-0.1    25,-0.5    -2,-0.1  -0.334  59.1 -98.8 -53.7 132.4  -16.8   -3.8    3.6
   83   83 A P        -     0   0    0      0, 0.0    26,-0.4     0, 0.0    29,-0.3  -0.279  27.2-131.8 -65.1 137.2  -16.6   -6.0    6.8
   84   84 A C     >  -     0   0    4     27,-0.1     4,-2.4    -3,-0.1     5,-0.2  -0.140  41.6 -89.6 -70.6 178.6  -13.8   -8.3    7.6
   85   85 A D  H  > S+     0   0   19      1,-0.2     4,-1.8     2,-0.2   157,-0.2   0.844 127.1  51.5 -62.3 -29.6  -14.6  -11.9    8.7
   86   86 A M  H  > S+     0   0    1    155,-0.3     4,-1.8     2,-0.2   156,-0.3   0.938 112.1  43.2 -72.4 -45.7  -14.8  -10.9   12.3
   87   87 A C  H  > S+     0   0    0      2,-0.2     4,-2.2     1,-0.2    -2,-0.2   0.867 111.6  55.4 -70.3 -34.1  -17.2   -8.0   11.8
   88   88 A T  H  X S+     0   0    2     -4,-2.4     4,-2.2     1,-0.2    -1,-0.2   0.935 106.7  51.9 -60.2 -45.4  -19.3  -10.2    9.5
   89   89 A G  H  X S+     0   0    3     -4,-1.8     4,-3.0     1,-0.2   149,-0.3   0.871 107.3  52.0 -59.8 -39.4  -19.5  -12.7   12.3
   90   90 A A  H  X S+     0   0    0     -4,-1.8     4,-2.1   148,-0.3    -1,-0.2   0.925 108.6  49.7 -64.0 -42.8  -20.7  -10.1   14.7
   91   91 A I  H  X>S+     0   0    0     -4,-2.2     5,-1.9     1,-0.2     4,-0.8   0.913 114.6  46.8 -61.1 -39.5  -23.5   -9.0   12.3
   92   92 A I  H ><5S+     0   0   10     -4,-2.2     3,-0.5     3,-0.2    -2,-0.2   0.927 108.9  52.7 -69.6 -45.0  -24.5  -12.6   11.9
   93   93 A M  H 3<5S+     0   0   17     -4,-3.0    -2,-0.2     1,-0.3    -1,-0.2   0.939 115.1  40.2 -59.1 -46.9  -24.4  -13.5   15.6
   94   94 A Y  H 3<5S-     0   0    0     -4,-2.1    -1,-0.3    -5,-0.2    -2,-0.2   0.606 107.4-126.4 -79.6  -9.3  -26.7  -10.6   16.6
   95   95 A G  T <<5 +     0   0   20     -4,-0.8    -3,-0.2    -3,-0.5    -4,-0.1   0.845  39.1 176.0  69.0  34.1  -28.9  -11.1   13.5
   96   96 A I      < -     0   0    0     -5,-1.9    -1,-0.2    -6,-0.2   -23,-0.2  -0.625  20.9-150.8 -70.1 121.9  -28.7   -7.5   12.3
   97   97 A P        +     0   0   40      0, 0.0    24,-2.8     0, 0.0     2,-0.4   0.725  67.1  40.8 -71.4 -26.2  -30.6   -7.9    9.1
   98   98 A R  E     -cd  76 121A  27    -23,-1.0   -21,-2.4    22,-0.2     2,-0.5  -0.986  54.4-171.1-130.4 138.4  -29.0   -5.3    6.9
   99   99 A C  E     -cd  77 122A   0     22,-2.6    24,-2.5    -2,-0.4     2,-0.6  -0.990   8.6-163.5-127.5 118.0  -25.5   -4.1    6.4
  100  100 A V  E     -cd  78 123A   0    -23,-2.2   -21,-2.5    -2,-0.5     2,-0.4  -0.936  12.7-157.9-106.9 121.6  -24.9   -1.0    4.3
  101  101 A V  E     -cd  79 124A   0     22,-3.6    24,-3.1    -2,-0.6    25,-0.6  -0.852  17.7-152.4-105.7 129.5  -21.4   -0.7    3.1
  102  102 A G  E    S-     0   0A   0    -23,-3.0    25,-3.1    -2,-0.4    24,-1.2   0.959  76.9 -20.7 -62.8 -52.9  -19.6    2.5    2.1
  103  103 A E  E     -c   81   0A   0    -23,-0.6   -21,-1.8    23,-0.2    -1,-0.2  -0.989  37.5-167.8-157.2 153.0  -17.2    0.8   -0.3
  104  104 A N  S    S+     0   0   40     -2,-0.3   -23,-0.1   -23,-0.2    -1,-0.0   0.018  71.0  93.0-129.9  23.8  -15.6   -2.5   -1.0
  105  105 A V  S    S+     0   0   92      1,-0.1     3,-0.1     3,-0.0   -24,-0.0   0.868  89.3  40.0 -84.0 -45.8  -12.8   -1.3   -3.4
  106  106 A N  S    S+     0   0   39      1,-0.3     2,-0.3     0, 0.0    -1,-0.1   0.771 134.0   2.8 -75.8 -24.7  -10.0   -0.8   -0.9
  107  107 A F        +     0   0   31      2,-0.0   -25,-0.5    -4,-0.0     2,-0.3  -0.968  58.4 164.9-162.7 147.2  -10.9   -4.0    0.9
  108  108 A K        -     0   0  113     -2,-0.3     2,-0.2    -3,-0.1   -24,-0.1  -0.946  12.7-165.5-159.5 144.7  -13.4   -6.9    0.8
  109  109 A S    >   -     0   0   22    -26,-0.4     3,-0.9    -2,-0.3     4,-0.5  -0.704  44.8 -95.3-123.5 177.2  -13.3  -10.3    2.6
  110  110 A K  T 3> S+     0   0  137     -2,-0.2     4,-2.0     1,-0.2     3,-0.3   0.656 114.5  80.0 -67.4 -11.9  -15.3  -13.4    2.0
  111  111 A G  H 3> S+     0   0    0    -28,-0.3     4,-2.5     1,-0.2    -1,-0.2   0.844  76.6  65.3 -67.6 -32.0  -17.6  -12.0    4.6
  112  112 A E  H <> S+     0   0   12     -3,-0.9     4,-0.8   -29,-0.3    -1,-0.2   0.945 113.8  33.2 -55.1 -46.7  -19.5   -9.6    2.4
  113  113 A K  H  > S+     0   0  132     -4,-0.5     4,-2.2    -3,-0.3    -1,-0.2   0.823 111.7  61.9 -80.7 -29.2  -20.9  -12.6    0.4
  114  114 A Y  H  X S+     0   0   31     -4,-2.0     4,-2.3     1,-0.2    -2,-0.2   0.878  98.5  59.1 -63.8 -34.7  -21.1  -14.9    3.4
  115  115 A L  H  <>S+     0   0    0     -4,-2.5     5,-2.7     1,-0.2    -1,-0.2   0.916 107.1  46.9 -57.0 -42.0  -23.6  -12.4    5.0
  116  116 A Q  H ><5S+     0   0   86     -4,-0.8     3,-1.7     3,-0.2    -2,-0.2   0.903 108.7  53.1 -67.3 -40.6  -25.8  -12.9    1.9
  117  117 A T  H 3<5S+     0   0  114     -4,-2.2    -1,-0.2     1,-0.3    -2,-0.2   0.886 108.3  52.7 -58.5 -39.4  -25.5  -16.7    2.1
  118  118 A R  T 3<5S-     0   0   56     -4,-2.3    -1,-0.3    -5,-0.2    -2,-0.2   0.374 127.5 -99.0 -81.1   3.5  -26.6  -16.4    5.8
  119  119 A G  T < 5S+     0   0   67     -3,-1.7    -3,-0.2     1,-0.3     2,-0.1   0.450  77.7 130.6 100.6   1.5  -29.7  -14.4    4.8
  120  120 A H      < -     0   0   25     -5,-2.7     2,-0.5    -6,-0.2    -1,-0.3  -0.442  57.1-118.1 -88.0 158.6  -28.7  -10.8    5.4
  121  121 A E  E     -d   98   0A  99    -24,-2.8   -22,-2.6    -2,-0.1     2,-0.5  -0.876  27.5-164.4 -96.4 131.7  -29.2   -7.9    3.0
  122  122 A V  E     -d   99   0A  25     -2,-0.5     2,-0.5   -24,-0.2   -22,-0.2  -0.970   5.6-173.2-118.8 123.5  -25.9   -6.3    1.9
  123  123 A V  E     -d  100   0A  40    -24,-2.5   -22,-3.6    -2,-0.5     2,-0.6  -0.970   8.7-159.8-117.8 127.7  -25.9   -2.8    0.1
  124  124 A V  E     -d  101   0A  54     -2,-0.5   -22,-0.2   -24,-0.2   -21,-0.1  -0.949   7.3-176.0-108.6 115.9  -22.7   -1.4   -1.3
  125  125 A V        -     0   0   66    -24,-3.1   -23,-0.2    -2,-0.6   -22,-0.2   0.795  26.7-139.8 -80.8 -32.3  -23.1    2.4   -1.7
  126  126 A D        -     0   0   75    -24,-1.2     2,-0.6   -25,-0.6   -23,-0.2   0.943  27.4-170.6  65.0  52.8  -19.7    3.0   -3.4
  127  127 A D     >  -     0   0   22    -25,-3.1     4,-2.1   -26,-0.2     3,-0.2  -0.625  16.5-154.8 -78.0 117.3  -19.3    6.2   -1.4
  128  128 A E  H  > S+     0   0   94     -2,-0.6     4,-2.6     1,-0.2     5,-0.2   0.748  91.4  61.3 -66.6 -25.6  -16.2    8.1   -2.7
  129  129 A R  H  > S+     0   0   88      2,-0.2     4,-1.9     1,-0.2    -1,-0.2   0.915 108.5  44.5 -67.9 -41.6  -15.6   10.0    0.6
  130  130 A C  H  > S+     0   0    1     -3,-0.2     4,-2.2     2,-0.2     5,-0.3   0.928 113.5  50.1 -67.1 -45.2  -15.1    6.6    2.2
  131  131 A K  H  X S+     0   0   33     -4,-2.1     4,-2.4     1,-0.2    -2,-0.2   0.918 110.8  49.7 -59.8 -41.9  -12.9    5.3   -0.7
  132  132 A K  H  X S+     0   0  145     -4,-2.6     4,-2.0     1,-0.2    -1,-0.2   0.923 111.6  46.2 -65.1 -45.2  -10.7    8.4   -0.6
  133  133 A I  H  X S+     0   0   14     -4,-1.9     4,-1.7     1,-0.2    -1,-0.2   0.885 115.9  44.6 -68.3 -38.3  -10.0    8.4    3.1
  134  134 A M  H  X S+     0   0    1     -4,-2.2     4,-2.6     2,-0.2     5,-0.2   0.891 111.4  53.7 -72.2 -38.2   -9.2    4.6    3.2
  135  135 A K  H  X S+     0   0  112     -4,-2.4     4,-2.4    -5,-0.3    -2,-0.2   0.898 108.1  50.9 -61.2 -39.9   -7.0    4.8    0.1
  136  136 A Q  H  X S+     0   0   79     -4,-2.0     4,-2.6     2,-0.2     5,-0.3   0.935 110.9  47.8 -62.7 -45.9   -5.0    7.6    1.7
  137  137 A F  H  X S+     0   0    0     -4,-1.7     4,-3.4     1,-0.2    -2,-0.2   0.929 112.3  49.2 -61.8 -43.8   -4.5    5.6    4.9
  138  138 A I  H  < S+     0   0   34     -4,-2.6    -1,-0.2     1,-0.2    -2,-0.2   0.892 113.1  47.6 -64.3 -39.5   -3.4    2.5    2.9
  139  139 A D  H  < S+     0   0  101     -4,-2.4    -1,-0.2    -5,-0.2    -2,-0.2   0.898 120.5  36.3 -68.3 -41.2   -1.0    4.6    0.8
  140  140 A E  H  < S+     0   0  107     -4,-2.6    -2,-0.2     1,-0.2    -3,-0.2   0.825 132.1  23.3 -81.9 -36.2    0.6    6.3    3.8
  141  141 A R     X  +     0   0   67     -4,-3.4     4,-2.0    -5,-0.3     3,-0.4  -0.410  65.2 155.4-131.6  61.3    0.5    3.5    6.4
  142  142 A P  H  > S+     0   0   49      0, 0.0     4,-2.5     0, 0.0     5,-0.2   0.857  75.6  53.6 -57.1 -36.9    0.4    0.2    4.7
  143  143 A Q  H  > S+     0   0  133      1,-0.2     4,-1.8     2,-0.2     5,-0.1   0.885 108.2  49.9 -66.4 -37.5    2.0   -1.7    7.5
  144  144 A D  H  > S+     0   0   38     -3,-0.4     4,-1.5     2,-0.2    -1,-0.2   0.870 111.2  50.2 -66.9 -38.4   -0.6   -0.4   10.0
  145  145 A W  H  X S+     0   0   12     -4,-2.0     4,-1.1     2,-0.2    -2,-0.2   0.944 107.9  51.3 -65.0 -47.7   -3.4   -1.4    7.6
  146  146 A F  H ><>S+     0   0   76     -4,-2.5     5,-3.4     1,-0.2     3,-0.7   0.900 108.2  53.4 -57.6 -38.9   -2.1   -5.0    7.1
  147  147 A E  H ><5S+     0   0   23     -4,-1.8     3,-1.6     1,-0.2    -1,-0.2   0.912 103.6  57.2 -63.6 -37.8   -1.9   -5.4   10.9
  148  148 A D  H 3<5S+     0   0    1     -4,-1.5    -1,-0.2     1,-0.3    -2,-0.2   0.741 112.8  39.7 -66.9 -21.9   -5.6   -4.3   11.1
  149  149 A I  T <<5S-     0   0   14     -4,-1.1    -1,-0.3    -3,-0.7    -2,-0.2   0.165 118.8-109.8-111.5  18.1   -6.6   -7.1    8.8
  150  150 A G  T < 5       0   0    2     -3,-1.6    -3,-0.2    -5,-0.2    -2,-0.1   0.809 360.0 360.0  63.6  31.9   -4.3   -9.6   10.3
  151  151 A E      <       0   0  144     -5,-3.4    71,-0.3    -6,-0.2    -4,-0.2   0.735 360.0 360.0-107.9 360.0   -1.9   -9.8    7.4
  152        !*             0   0    0      0, 0.0     0, 0.0     0, 0.0     0, 0.0   0.000 360.0 360.0 360.0 360.0    0.0    0.0    0.0
  153  152 B S    >         0   0  116      0, 0.0     3,-1.8     0, 0.0     4,-0.5   0.000 360.0 360.0 360.0  14.8   -2.0  -31.4   20.6
  154  153 B K  T 3   +     0   0  168      1,-0.3     3,-0.3     2,-0.1     4,-0.3   0.827 360.0  35.8 -50.3 -41.1    1.1  -31.1   22.8
  155  154 B W  T 3> S+     0   0   58      1,-0.2     4,-2.8     2,-0.1    -1,-0.3   0.350  89.1 101.2 -98.6   8.4   -0.1  -27.9   24.5
  156  155 B D  H <> S+     0   0   17     -3,-1.8     4,-2.3     2,-0.2     5,-0.3   0.849  80.5  49.2 -64.1 -37.1   -3.8  -28.8   24.6
  157  156 B Q  H  > S+     0   0  138     -4,-0.5     4,-1.9    -3,-0.3    -1,-0.2   0.960 114.6  47.6 -65.0 -44.7   -4.0  -29.8   28.3
  158  157 B K  H  > S+     0   0   85     -4,-0.3     4,-2.1     1,-0.2    -2,-0.2   0.926 114.3  45.4 -58.9 -49.7   -2.1  -26.6   29.2
  159  158 B G  H  X S+     0   0    0     -4,-2.8     4,-2.6     1,-0.2    -1,-0.2   0.897 113.0  47.0 -66.9 -42.2   -4.4  -24.4   27.1
  160  159 B M  H  X S+     0   0    6     -4,-2.3     4,-2.3     2,-0.2    -1,-0.2   0.839 110.4  54.8 -70.0 -29.1   -7.7  -25.9   28.1
  161  160 B D  H  X S+     0   0   52     -4,-1.9     4,-2.3    -5,-0.3    -2,-0.2   0.947 111.2  44.2 -66.6 -44.5   -6.7  -25.7   31.8
  162  161 B I  H  X S+     0   0   14     -4,-2.1     4,-2.1     1,-0.2    -2,-0.2   0.922 112.9  51.9 -63.5 -43.7   -5.9  -22.0   31.5
  163  162 B A  H  X S+     0   0    0     -4,-2.6     4,-2.0     1,-0.2    -1,-0.2   0.908 110.4  48.4 -62.6 -38.5   -9.1  -21.4   29.5
  164  163 B Y  H  X S+     0   0   54     -4,-2.3     4,-2.8     2,-0.2     5,-0.2   0.903 106.5  55.9 -68.9 -38.9  -11.1  -23.2   32.3
  165  164 B E  H  X S+     0   0  119     -4,-2.3     4,-2.3     1,-0.2    -1,-0.2   0.910 109.5  48.2 -57.2 -40.6   -9.4  -21.2   35.0
  166  165 B E  H  X S+     0   0   26     -4,-2.1     4,-2.6     2,-0.2    -1,-0.2   0.901 110.0  50.7 -66.1 -42.7  -10.5  -18.0   33.2
  167  166 B A  H  X S+     0   0    0     -4,-2.0     4,-1.9     2,-0.2    -2,-0.2   0.897 111.4  48.4 -60.3 -43.1  -14.1  -19.4   32.9
  168  167 B A  H  X S+     0   0   37     -4,-2.8     4,-2.1     2,-0.2    -2,-0.2   0.901 111.1  51.2 -64.0 -41.9  -14.1  -20.2   36.6
  169  168 B L  H  X S+     0   0   74     -4,-2.3     4,-1.5    -5,-0.2    -2,-0.2   0.920 109.7  48.9 -63.1 -44.9  -12.8  -16.7   37.4
  170  169 B G  H  <>S+     0   0    0     -4,-2.6     5,-2.7     1,-0.2     4,-0.4   0.887 108.3  54.9 -62.4 -35.8  -15.5  -15.1   35.3
  171  170 B Y  H ><5S+     0   0   71     -4,-1.9     3,-1.6     1,-0.2    -1,-0.2   0.946 106.9  50.3 -60.4 -47.6  -18.1  -17.2   37.0
  172  171 B K  H 3<5S+     0   0  185     -4,-2.1    -1,-0.2     1,-0.3    -2,-0.2   0.810 106.5  55.8 -59.3 -32.0  -16.9  -15.9   40.4
  173  172 B E  T 3<5S-     0   0   93     -4,-1.5    -1,-0.3    -5,-0.1    -2,-0.2   0.484 124.3-103.4 -80.7  -5.6  -17.2  -12.3   39.1
  174  173 B G  T < 5S+     0   0   31     -3,-1.6    -3,-0.2    -4,-0.4    -2,-0.1   0.535  82.3 116.0  95.3   9.4  -20.8  -12.8   38.3
  175  174 B G  S   <S-     0   0    0     -5,-2.7    -1,-0.2    -6,-0.2    22,-0.1  -0.244  76.5 -64.0-102.8-170.8  -20.4  -13.2   34.5
  176  175 B V        -     0   0    0      1,-0.1     2,-2.0    20,-0.1    20,-0.4  -0.580  52.6-124.7 -71.8 126.2  -20.8  -15.8   31.7
  177  176 B P        +     0   0    0      0, 0.0     2,-0.4     0, 0.0   -10,-0.2  -0.402  64.9 124.0 -78.5  71.3  -18.4  -18.7   32.5
  178  177 B I        +     0   0    7     -2,-2.0    18,-2.0   -12,-0.2     2,-0.3  -0.995  32.8 174.4-131.3 126.5  -16.5  -18.9   29.2
  179  178 B G  E     +E  195   0B   0     -2,-0.4    53,-2.4    16,-0.2    54,-0.3  -0.822   4.7 172.8-130.5 167.6  -12.8  -18.6   29.0
  180  179 B G  E     -EF 194 231B   0     14,-2.5    14,-1.8    -2,-0.3     2,-0.3  -0.972  12.3-161.8-161.5 172.9  -10.0  -18.8   26.6
  181  180 B C  E     -EF 193 230B   0     49,-1.7    49,-3.2    -2,-0.3     2,-0.5  -0.964  17.8-133.2-161.0 155.7   -6.3  -18.4   25.8
  182  181 B L  E     -EF 192 229B   0     10,-2.5     9,-2.8    -2,-0.3    10,-1.1  -0.975  25.9-170.9-116.3 125.1   -4.0  -18.1   22.8
  183  182 B I  E     -EF 190 228B   0     45,-2.4    45,-1.7    -2,-0.5     2,-0.5  -0.906  26.5-122.6-119.1 140.5   -0.9  -20.2   22.8
  184  183 B N  E  >  - F   0 227B  39      5,-2.8     4,-2.3    -2,-0.4     5,-0.3  -0.688  21.5-147.0 -78.0 122.2    2.1  -20.2   20.4
  185  184 B N  T  4 S+     0   0   39     41,-2.5    -1,-0.2    -2,-0.5    42,-0.1   0.760  90.0  60.2 -63.5 -24.8    2.3  -23.7   19.0
  186  185 B K  T  4 S+     0   0  171     40,-0.5    -1,-0.2     1,-0.1    41,-0.1   0.980 125.9   6.0 -68.5 -56.6    6.1  -23.7   18.8
  187  186 B D  T  4 S-     0   0   93      2,-0.1    -2,-0.2   -32,-0.0    -1,-0.1   0.428  93.3-115.0-112.5   2.6    7.0  -23.1   22.4
  188  187 B G     <  +     0   0    0     -4,-2.3    -3,-0.1     1,-0.2     2,-0.1   0.559  59.1 157.4  77.5   6.6    3.8  -23.3   24.4
  189  188 B S        -     0   0   44     -5,-0.3    -5,-2.8    -6,-0.1     2,-0.7  -0.363  43.5-122.1 -69.5 145.9    4.0  -19.7   25.4
  190  189 B V  E     -E  183   0B  45     -7,-0.2    -7,-0.2     1,-0.2     3,-0.1  -0.773  22.8-174.2 -91.4 113.6    0.8  -17.9   26.4
  191  190 B L  E     -     0   0B  52     -9,-2.8     2,-0.3    -2,-0.7    -1,-0.2   0.821  67.4 -40.1 -75.5 -29.3    0.1  -14.9   24.3
  192  191 B G  E     -E  182   0B  11    -10,-1.1   -10,-2.5     2,-0.0    -1,-0.3  -0.943  51.2-149.9 175.6 164.6   -2.9  -13.9   26.4
  193  192 B R  E     +E  181   0B  95     -2,-0.3     2,-0.3   -12,-0.2   -12,-0.2  -0.983  22.0 150.1-148.8 155.7   -6.0  -15.2   28.2
  194  193 B G  E     -E  180   0B   1    -14,-1.8   -14,-2.5    -2,-0.3     2,-0.3  -0.972  25.3-133.8-169.7 179.9   -9.4  -13.9   29.0
  195  194 B H  E     -E  179   0B  13     -2,-0.3   -16,-0.2   -16,-0.2   -28,-0.1  -0.922  47.3 -65.3-144.4 168.9  -13.0  -14.5   29.7
  196  195 B N        -     0   0    0    -18,-2.0     4,-0.2   -20,-0.4    11,-0.2  -0.357  41.1-173.0 -56.6 128.9  -16.5  -13.2   28.8
  197  196 B M     >  +     0   0   33      9,-2.8     4,-2.9     1,-0.1     6,-0.9   0.122  45.7 117.5-114.3  20.6  -16.9   -9.6   30.1
  198  197 B R  H  >>S+     0   0    1      8,-0.5     4,-0.9     4,-0.2     5,-0.5   0.929  89.7  28.1 -50.5 -52.4  -20.5   -8.9   29.2
  199  198 B F  H  45S+     0   0   46      3,-0.2     3,-0.2     2,-0.2    -1,-0.2   0.939 121.0  53.1 -78.7 -43.9  -21.5   -8.5   32.8
  200  199 B Q  H  45S+     0   0   53     -4,-0.2    -2,-0.2     1,-0.2    -1,-0.1   0.855 129.7  16.2 -57.7 -41.4  -18.2   -7.2   34.2
  201  200 B K  H  <5S-     0   0  134     -4,-2.9    -1,-0.2     2,-0.1    -2,-0.2   0.326 100.0-114.2-118.8   9.6  -17.9   -4.4   31.6
  202  201 B G  T  <5 +     0   0   34     -4,-0.9     2,-0.5    -5,-0.3  -136,-0.3   0.907  62.5 166.3  57.8  42.9  -21.4   -4.1   30.2
  203  202 B S      < -     0   0    0     -6,-0.9    -1,-0.2    -5,-0.5    -2,-0.1  -0.803  40.4-172.1-104.6 127.8  -19.9   -5.3   26.9
  204  203 B A  S    S+     0   0    0     -2,-0.5    -1,-0.1  -142,-0.2  -142,-0.1   0.523  92.5  38.1 -85.4  -8.1  -21.8   -6.5   23.8
  205  204 B T  S    S+     0   0    1      1,-0.1     2,-2.3    -8,-0.1     5,-0.2   0.701  84.5  94.6-118.3 -20.1  -18.6   -7.7   22.2
  206  205 B L        +     0   0   13      4,-0.1    -9,-2.8    -9,-0.1    -8,-0.5  -0.361  46.0 159.9 -77.9  67.6  -16.3   -9.2   24.8
  207  206 B H     >  -     0   0    8     -2,-2.3     4,-2.9   -11,-0.2     5,-0.3  -0.333  60.9 -92.4 -71.1 172.0  -17.1  -12.8   24.5
  208  207 B G  H  > S+     0   0    0      1,-0.2     4,-2.4     2,-0.2   -28,-0.2   0.929 127.2  46.2 -54.5 -42.8  -14.4  -15.1   26.0
  209  208 B E  H  > S+     0   0    6      2,-0.2     4,-2.0     1,-0.2    -1,-0.2   0.884 114.7  46.2 -69.0 -39.3  -12.6  -15.5   22.7
  210  209 B I  H  > S+     0   0    3      2,-0.2     4,-2.6     1,-0.2     5,-0.2   0.917 112.6  49.9 -68.6 -42.4  -12.7  -11.7   21.8
  211  210 B S  H  X S+     0   0    7     -4,-2.9     4,-2.5     1,-0.2    -2,-0.2   0.908 110.0  53.0 -63.3 -40.4  -11.6  -10.8   25.3
  212  211 B T  H  X S+     0   0    0     -4,-2.4     4,-1.0    -5,-0.3    -1,-0.2   0.935 111.5  44.5 -58.5 -49.1   -8.7  -13.3   25.0
  213  212 B L  H >X S+     0   0    0     -4,-2.0     4,-0.6     1,-0.2     3,-0.5   0.895 111.8  52.8 -64.3 -38.8   -7.6  -11.7   21.7
  214  213 B E  H >< S+     0   0   44     -4,-2.6     3,-1.1     1,-0.2    -1,-0.2   0.902 107.2  53.8 -61.6 -40.0   -7.9   -8.2   23.1
  215  214 B N  H 3< S+     0   0   95     -4,-2.5    -1,-0.2     1,-0.2    -2,-0.2   0.718  98.5  61.7 -69.9 -21.5   -5.7   -9.3   26.0
  216  215 B C  H << S-     0   0   17     -4,-1.0    -1,-0.2    -3,-0.5    -2,-0.2   0.693 101.5-148.3 -73.7 -18.4   -2.9  -10.5   23.6
  217  216 B G    <<  -     0   0   21     -3,-1.1    -1,-0.1    -4,-0.6  -166,-0.1  -0.078  40.6 -23.5  76.9-179.4   -2.7   -6.9   22.4
  218  217 B R  S    S+     0   0   93   -168,-0.4     2,-0.3  -172,-0.1  -166,-0.1  -0.428  71.6 176.3 -63.1 133.2   -1.7   -5.6   18.9
  219  218 B L        -     0   0   33    -72,-0.2   -69,-0.1    -2,-0.1     2,-0.1  -0.988  36.1-103.9-140.0 147.5    0.3   -8.3   17.1
  220  219 B E    >>  -     0   0  114     -2,-0.3     3,-1.5     1,-0.1     4,-0.6  -0.464  41.3-113.0 -65.7 146.6    1.7   -8.5   13.6
  221  220 B G  H >> S+     0   0    1      1,-0.3     3,-0.9     2,-0.2     4,-0.7   0.808 110.7  64.5 -51.9 -40.0   -0.4  -10.8   11.5
  222  221 B K  H >4 S+     0   0  153    -71,-0.3     3,-0.6     1,-0.2     4,-0.3   0.784  90.6  68.1 -58.6 -27.2    2.3  -13.5   11.1
  223  222 B V  H X4 S+     0   0   46     -3,-1.5     3,-1.1     1,-0.2    -1,-0.2   0.899  96.7  51.8 -60.6 -41.1    2.2  -14.2   14.9
  224  223 B Y  H X< S+     0   0    0     -3,-0.9     3,-1.2    -4,-0.6    -1,-0.2   0.749  90.2  79.5 -68.6 -23.3   -1.3  -15.6   14.8
  225  224 B K  T << S+     0   0   87     -4,-0.7    -1,-0.2    -3,-0.6    -2,-0.2   0.614  98.3  39.3 -65.9 -14.3   -0.5  -18.1   12.0
  226  225 B D  T <  S+     0   0   84     -3,-1.1   -41,-2.5    -4,-0.3   -40,-0.5  -0.280  99.5  96.9-130.0  51.7    1.1  -20.6   14.3
  227  226 B T  E <   -F  184   0B   0     -3,-1.2    23,-0.8   -43,-0.3     2,-0.4  -0.773  59.1-138.2-129.4 169.8   -1.1  -20.4   17.3
  228  227 B T  E     -Fg 183 250B   0    -45,-1.7   -45,-2.4    -2,-0.3     2,-0.6  -0.998  13.2-145.8-130.3 132.2   -4.0  -22.3   18.8
  229  228 B L  E     -Fg 182 251B   0     21,-2.5    23,-2.3    -2,-0.4     2,-0.5  -0.883  13.2-157.2 -99.7 121.9   -7.0  -20.5   20.4
  230  229 B Y  E     +Fg 181 252B   1    -49,-3.2   -49,-1.7    -2,-0.6     2,-0.4  -0.848  15.2 175.0 -98.6 130.1   -8.5  -22.4   23.4
  231  230 B T  E     -Fg 180 253B   0     21,-2.4    23,-2.7    -2,-0.5   -51,-0.2  -1.000  31.5-143.6-135.0 136.2  -12.1  -21.7   24.2
  232  231 B T  E    S+     0   0B   2    -53,-2.4    23,-0.9    -2,-0.4     2,-0.4   0.746  90.6  43.7 -70.9 -21.1  -14.1  -23.5   26.9
  233  232 B L  E    S- g   0 255B   5    -54,-0.3    23,-0.2    21,-0.2     3,-0.1  -0.957 100.0 -95.3-126.8 145.3  -17.2  -23.2   24.7
  234  233 B S        -     0   0    1     21,-1.9     2,-0.1    25,-0.5    -2,-0.1  -0.286  58.5 -99.5 -52.7 135.8  -17.7  -23.8   20.9
  235  234 B P        -     0   0    0      0, 0.0    26,-0.5     0, 0.0    28,-0.3  -0.327  27.4-133.3 -69.5 137.7  -17.4  -20.4   19.2
  236  235 B C     >  -     0   0    4     27,-0.1     4,-2.6    -3,-0.1     5,-0.2  -0.131  41.9 -88.4 -71.6-179.9  -20.4  -18.3   18.1
  237  236 B D  H  > S+     0   0   21      1,-0.2     4,-1.7     2,-0.2  -147,-0.2   0.825 127.6  50.8 -63.2 -30.5  -20.4  -16.8   14.7
  238  237 B M  H  > S+     0   0    1   -149,-0.3     4,-1.7     2,-0.2  -148,-0.3   0.940 112.7  42.7 -72.2 -51.9  -18.6  -13.7   15.9
  239  238 B C  H  > S+     0   0    0      1,-0.2     4,-2.1     2,-0.2    -2,-0.2   0.872 112.2  56.1 -64.2 -36.1  -15.8  -15.4   17.6
  240  239 B T  H  X S+     0   0    1     -4,-2.6     4,-2.3     1,-0.2    -1,-0.2   0.941 105.6  52.3 -57.1 -45.3  -15.6  -17.8   14.6
  241  240 B G  H  X S+     0   0    3     -4,-1.7     4,-3.2     1,-0.2  -155,-0.3   0.877 106.3  52.8 -59.3 -38.6  -15.1  -14.7   12.5
  242  241 B A  H  X S+     0   0    0     -4,-1.7     4,-2.3  -156,-0.3     6,-0.2   0.911 108.7  50.0 -62.9 -45.4  -12.2  -13.4   14.7
  243  242 B I  H  X>S+     0   0    1     -4,-2.1     5,-1.7     2,-0.2     4,-0.9   0.939 114.6  44.5 -59.0 -45.4  -10.4  -16.8   14.3
  244  243 B I  H ><5S+     0   0   12     -4,-2.3     3,-0.6     2,-0.2    -2,-0.2   0.937 111.0  53.7 -66.3 -45.3  -10.8  -16.7   10.6
  245  244 B M  H 3<5S+     0   0   17     -4,-3.2    -2,-0.2     1,-0.3    -1,-0.2   0.918 114.8  39.0 -58.1 -43.7   -9.8  -13.0   10.3
  246  245 B Y  H 3<5S-     0   0    0     -4,-2.3    -1,-0.3    -5,-0.2    -2,-0.2   0.570 107.3-124.4 -86.4  -7.5   -6.6  -13.5   12.1
  247  246 B G  T <<5 +     0   0   20     -4,-0.9    -3,-0.2    -3,-0.6    -4,-0.1   0.800  41.1 173.9  75.0  25.0   -5.8  -16.8   10.5
  248  247 B I      < -     0   0    0     -5,-1.7    -1,-0.3    -6,-0.2   -23,-0.2  -0.589  20.8-153.7 -66.4 115.8   -5.4  -18.7   13.8
  249  248 B P        +     0   0   44      0, 0.0    24,-2.7     0, 0.0     2,-0.4   0.707  66.5  41.8 -68.4 -20.5   -5.1  -22.2   12.4
  250  249 B R  E     -gh 228 273B  29    -23,-0.8   -21,-2.5    22,-0.2     2,-0.5  -0.989  55.0-172.9-138.5 134.7   -6.3  -24.2   15.2
  251  250 B C  E     -gh 229 274B   0     22,-2.8    24,-2.3    -2,-0.4     2,-0.6  -0.992   8.8-161.4-128.7 122.7   -9.2  -23.9   17.7
  252  251 B V  E     -gh 230 275B   0    -23,-2.3   -21,-2.4    -2,-0.5     2,-0.4  -0.951  13.7-157.4-107.9 122.2   -9.5  -26.3   20.6
  253  252 B V  E     -gh 231 276B   0     22,-3.1    24,-2.8    -2,-0.6    25,-0.6  -0.851  16.9-151.9-105.7 129.1  -13.0  -26.3   22.1
  254  253 B G  E    S-     0   0B   0    -23,-2.7    25,-2.4    -2,-0.4    24,-0.7   0.972  77.0 -24.4 -63.0 -56.1  -13.9  -27.4   25.7
  255  254 B E  E     -g  233   0B   0    -23,-0.9   -21,-1.9    23,-0.2    -1,-0.2  -0.995  37.6-165.0-156.6 157.8  -17.4  -28.5   24.8
  256  255 B N  S    S+     0   0   32     -2,-0.3   -23,-0.1   -23,-0.2    -1,-0.0  -0.046  71.2  93.5-133.1  28.8  -20.2  -28.0   22.2
  257  256 B V  S    S+     0   0   98      1,-0.1     3,-0.1     3,-0.0   -24,-0.0   0.814  88.0  41.4 -90.2 -38.6  -23.0  -29.6   24.1
  258  257 B N  S    S+     0   0   40      1,-0.3     2,-0.3     0, 0.0    -1,-0.1   0.689 134.6   1.1 -81.3 -18.1  -24.5  -26.6   25.8
  259  258 B F        +     0   0   33      2,-0.0   -25,-0.5   -23,-0.0     2,-0.3  -0.936  58.9 170.7-168.5 142.1  -24.0  -24.5   22.7
  260  259 B K        -     0   0  123     -2,-0.3     2,-0.2    -3,-0.1   -24,-0.1  -0.948  12.9-163.9-155.8 134.6  -22.8  -24.9   19.1
  261  260 B S    >   -     0   0   21    -26,-0.5     3,-0.9    -2,-0.3     4,-0.5  -0.587  42.6 -96.8-112.0-178.8  -23.1  -22.4   16.2
  262  261 B K  T 3> S+     0   0  135      1,-0.2     4,-2.0    -2,-0.2     5,-0.1   0.617 112.7  81.4 -69.2  -9.7  -22.7  -22.8   12.5
  263  262 B G  H 3> S+     0   0    0    -28,-0.3     4,-2.9     2,-0.2    -1,-0.2   0.837  75.7  63.2 -70.2 -29.0  -19.2  -21.5   13.1
  264  263 B E  H <> S+     0   0   26     -3,-0.9     4,-1.1   -29,-0.3    -1,-0.2   0.965 113.2  37.2 -59.0 -47.3  -17.6  -24.8   14.2
  265  264 B K  H  > S+     0   0  152     -4,-0.5     4,-2.5     1,-0.2    -1,-0.2   0.883 112.9  57.6 -72.0 -34.2  -18.3  -26.2   10.8
  266  265 B Y  H  X S+     0   0   31     -4,-2.0     4,-2.1     1,-0.2     6,-0.2   0.928 101.3  57.1 -63.9 -39.6  -17.6  -22.9    9.0
  267  266 B L  H  <>S+     0   0    0     -4,-2.9     5,-3.0     1,-0.2    -1,-0.2   0.917 108.8  46.7 -55.7 -41.9  -14.1  -22.9   10.5
  268  267 B Q  H ><5S+     0   0  105     -4,-1.1     3,-2.1     1,-0.2    -2,-0.2   0.935 109.2  52.3 -69.4 -42.6  -13.4  -26.3    8.9
  269  268 B T  H 3<5S+     0   0   88     -4,-2.5    -1,-0.2     1,-0.3    -2,-0.2   0.842 108.7  53.2 -61.7 -28.6  -14.8  -25.2    5.6
  270  269 B R  T 3<5S-     0   0   66     -4,-2.1    -1,-0.3    -5,-0.2    -2,-0.2   0.385 128.0 -98.2 -87.7   5.0  -12.4  -22.3    5.8
  271  270 B G  T < 5S+     0   0   68     -3,-2.1    -3,-0.2     1,-0.3     2,-0.2   0.488  78.4 132.7  99.1   3.2   -9.4  -24.5    6.4
  272  271 B H      < -     0   0   23     -5,-3.0     2,-0.5    -6,-0.2    -1,-0.3  -0.572  54.7-122.9 -90.5 153.9   -9.1  -24.3   10.2
  273  272 B E  E     -h  250   0B 101    -24,-2.7   -22,-2.8    -2,-0.2     2,-0.5  -0.851  24.3-165.8 -96.8 126.1   -8.7  -27.3   12.5
  274  273 B V  E     -h  251   0B  18     -2,-0.5     2,-0.5   -24,-0.2   -22,-0.2  -0.966   4.7-173.7-113.8 126.2  -11.3  -27.7   15.2
  275  274 B V  E     -h  252   0B  39    -24,-2.3   -22,-3.1    -2,-0.5     2,-0.7  -0.982   8.9-159.1-122.0 118.9  -10.7  -30.1   18.1
  276  275 B V  E     -h  253   0B  54     -2,-0.5   -22,-0.2   -24,-0.2   -21,-0.1  -0.870   7.1-174.7-100.2 112.2  -13.6  -30.7   20.6
  277  276 B V        -     0   0   57    -24,-2.8   -23,-0.2    -2,-0.7   -22,-0.1   0.689  26.3-139.9 -80.0 -19.1  -12.1  -32.0   23.9
  278  277 B D        -     0   0   74    -24,-0.7     2,-0.4   -25,-0.6   -23,-0.2   0.919  26.5-168.7  57.1  52.3  -15.5  -32.6   25.6
  279  278 B D     >  -     0   0   29    -25,-2.4     4,-1.9   -26,-0.2    -1,-0.2  -0.549  17.5-151.9 -75.9 122.2  -14.3  -31.4   29.0
  280  279 B E  H  > S+     0   0  122     -2,-0.4     4,-2.2     1,-0.2     5,-0.2   0.806  92.9  59.6 -66.6 -28.6  -16.7  -32.1   31.8
  281  280 B R  H  > S+     0   0   85      2,-0.2     4,-2.0     1,-0.2    -1,-0.2   0.917 108.3  45.4 -65.8 -41.4  -15.7  -29.2   33.9
  282  281 B C  H  > S+     0   0    1      2,-0.2     4,-2.2     1,-0.2     5,-0.3   0.940 112.8  49.6 -66.6 -47.3  -16.7  -26.8   31.1
  283  282 B K  H  X S+     0   0   36     -4,-1.9     4,-2.3     1,-0.2    -1,-0.2   0.895 111.1  51.0 -58.3 -42.3  -20.0  -28.5   30.4
  284  283 B K  H  X S+     0   0  146     -4,-2.2     4,-2.1     2,-0.2    -1,-0.2   0.941 111.4  44.4 -62.3 -49.3  -20.9  -28.4   34.1
  285  284 B I  H  X S+     0   0   14     -4,-2.0     4,-1.6     1,-0.2    -1,-0.2   0.861 117.5  44.7 -68.1 -35.1  -20.2  -24.7   34.7
  286  285 B M  H  X S+     0   0    2     -4,-2.2     4,-2.4     2,-0.2     5,-0.2   0.860 110.1  54.6 -77.7 -34.8  -22.0  -23.6   31.5
  287  286 B K  H  X S+     0   0  120     -4,-2.3     4,-2.0    -5,-0.3    -2,-0.2   0.931 109.5  50.0 -62.7 -39.6  -24.9  -26.0   32.1
  288  287 B Q  H  X S+     0   0   67     -4,-2.1     4,-2.5     2,-0.2     5,-0.3   0.892 109.4  49.3 -64.2 -42.3  -25.3  -24.3   35.5
  289  288 B F  H  X S+     0   0    0     -4,-1.6     4,-3.0     1,-0.2     8,-0.2   0.933 112.2  48.0 -64.2 -44.1  -25.2  -20.8   34.1
  290  289 B I  H  < S+     0   0   36     -4,-2.4    -1,-0.2     1,-0.2    -2,-0.2   0.863 113.4  48.9 -64.4 -36.1  -27.9  -21.6   31.5
  291  290 B D  H  < S+     0   0  105     -4,-2.0    -2,-0.2    -5,-0.2    -1,-0.2   0.931 120.5  34.0 -69.3 -46.7  -30.1  -23.3   34.1
  292  291 B E  H  < S+     0   0  108     -4,-2.5    -2,-0.2     1,-0.2    -3,-0.2   0.876 131.9  27.2 -78.3 -39.3  -29.9  -20.5   36.6
  293  292 B R     X  +     0   0   61     -4,-3.0     4,-2.0    -5,-0.3     3,-0.3  -0.478  64.8 156.4-126.3  65.6  -29.8  -17.5   34.3
  294  293 B P  H  > S+     0   0   51      0, 0.0     4,-2.3     0, 0.0     5,-0.2   0.837  75.6  51.9 -56.9 -38.5  -31.5  -18.4   31.0
  295  294 B Q  H  > S+     0   0  109      2,-0.2     4,-1.8     1,-0.2     5,-0.1   0.866 108.2  50.3 -69.2 -37.9  -32.2  -14.8   30.0
  296  295 B D  H  > S+     0   0   30     -3,-0.3     4,-1.9     2,-0.2    -1,-0.2   0.899 110.5  51.9 -68.0 -39.6  -28.7  -13.6   30.5
  297  296 B W  H  X S+     0   0   12     -4,-2.0     4,-1.1     1,-0.2    -2,-0.2   0.942 106.8  51.1 -63.1 -46.6  -27.5  -16.5   28.4
  298  297 B F  H ><>S+     0   0   99     -4,-2.3     5,-3.3     1,-0.2     3,-0.5   0.892 108.9  53.0 -58.0 -37.0  -29.9  -15.7   25.5
  299  298 B E  H ><5S+     0   0   25     -4,-1.8     3,-1.6     1,-0.2    -1,-0.2   0.913 103.5  56.4 -65.1 -39.3  -28.6  -12.1   25.6
  300  299 B D  H 3<5S+     0   0    1     -4,-1.9    -1,-0.2     1,-0.3    -2,-0.2   0.742 113.5  41.2 -65.2 -21.9  -25.0  -13.3   25.3
  301  300 B I  T <<5S-     0   0   14     -4,-1.1    -1,-0.3    -3,-0.5    -2,-0.2   0.133 117.3-108.6-113.1  21.6  -25.9  -15.1   22.1
  302  301 B G  T < 5       0   0    3     -3,-1.6    -3,-0.2     1,-0.2    -2,-0.1   0.767 360.0 360.0  64.4  28.5  -28.1  -12.5   20.6
  303  302 B E      <       0   0  136     -5,-3.3  -234,-0.3    -6,-0.2    -1,-0.2  -0.890 360.0 360.0-109.0 360.0  -31.3  -14.3   21.1
