AA_0,AA_1,AA_2,AA_3,AA_4,AA_5,AA_6,AA_7,Residue,Amino_Acid,Chain,RSA_mono,Residue,Amino_Acid,Chain,RSA,pdb_aa,rate,pdb_aa,raw_rate,resnam,resnum,wcnSC,wcnCA,resnam,resnum,wcnSC_mono,wcnCA_mono,ACTIVE_SITE,PDB,RES,SITE_NUMBER,PDB_AA,1M,2E,3K,4K,5V,6L,7L,8T,9G,10F,11D,12P,13F,14G,15G,16E,17T,18V,19N,20P,21S,22W,23E,24A,25V,26K,27R,28L,29N,30G,31A,32A,33E,34G,35P,36A,37S,38I,39V,40S,41E,42Q,43V,44P,45T,46V,47F,48Y,49K,50S,51L,52A,53V,54L,55R,56E,57A,58I,59K,60K,61H,62Q,63P,64D,65I,66I,67I,68C,69V,70G,71Q,72A,73G,74G,75R,76M,77Q,78I,79T,80P,81E,82R,83V,84A,85I,86N,87L,88N,89E,90A,91R,92I,93P,94D,95N,96E,97G,98N,99Q,100P,101V,102G,103E,104D,105I,106S,107Q,108G,109G,110P,111A,112A,113Y,114W,115T,116G,117L,118P,119I,120K,121R,122I,123V,124E,125E,126I,127K,128K,129E,130G,131I,132P,133A,134A,135V,136S,137Y,138T,139A,140G,141T,142F,143V,144C,145N,146H,147L,148F,149Y,150G,151L,152M,153D,154E,155I,156S,157R,158H,159H,160P,161H,162I,163R,164G,165G,166F,167I,168H,169I,170P,171Y,172I,173P,174E,175Q,176T,177L,178Q,179K,180S,181A,182P,183S,184L,185S,186L,187D,188H,189I,190T,191K,192A,193L,194K,195I,196A,197A,198V,199T,200A,201A,202V,203H,204E,205D,206D,207I,208E,209T,210G,pdb,multimer
M,M,M,M,M,M,M,M,1.0,M,A,0.866071428571,1,M,A,0.866071428571,M,-1.061,M,0.01302,MET,1,0.676967879397,0.77661874904,MET,1.0,0.458830268054,0.558930869515,0,1AUG,M,1,M,0.0,7.87836988165,6.15101689872,14.0597964304,13.1730641713,18.6576780059,19.0189329357,23.6579310897,26.0474291172,30.4826410071,34.2828286546,36.2557880914,38.8299189713,41.0198851095,42.4556095805,39.9723901944,40.5830334732,36.5925439282,33.1564991939,33.0210363847,29.7980104317,28.6441888473,31.3019007532,27.1883313976,24.2387387669,29.3021824987,28.2931458234,20.7241482614,21.4444766927,18.4215028134,17.6460777264,14.4902616591,14.6173986738,11.764795656,6.52970611692,10.0445825824,11.8260288198,15.4121212759,17.4035736354,21.1646275252,23.8869747813,30.4665643691,28.3048173459,32.9369039403,34.816790859,36.5679040188,37.7296517193,38.5262372364,36.172081686,32.5523346469,30.7606607083,31.8051038266,29.9024840672,25.3650373206,29.53631424,27.9135562971,24.158553885,21.5761298882,23.4944213076,23.9761667598,19.9493773298,18.7598560872,16.3771290794,10.4889458154,12.4985738884,18.2772823534,18.331929348,23.0472239002,24.6152430198,27.3366865657,33.3476420544,32.6568548962,35.9088719525,37.3894825864,32.9964927538,36.8401955116,31.9963694612,26.680886341,29.0570769758,23.8958481414,27.9698438301,26.2588073905,29.6338661296,28.5663369094,33.8184631772,35.3998703776,38.5976601362,37.8347551741,42.4979005366,42.0923726825,40.2679329152,43.9837933981,45.3993877253,40.1783940919,38.6745809767,40.4699151802,43.2069585336,41.6071974456,46.1897724689,41.5653364706,45.9606356616,43.4389058395,41.382786115,39.8850423182,34.505682886,34.0605342716,38.8840094173,38.5295072558,35.8794380356,31.6624404346,35.1554835987,32.2226034624,28.0156927211,27.6541400945,22.5800723033,20.5217536533,18.2073174671,15.6413443928,21.9200150596,24.5523179095,16.0795842178,18.6048018476,23.683509024,23.7452227682,18.2547826209,22.4049575868,27.1310522308,22.5292184119,22.6216522997,26.299128463,26.7392326273,30.7461183033,27.1171497066,28.6227291496,27.1059214306,30.3764217112,30.7403022269,34.5678372549,31.5317774881,34.4644154682,38.2995092303,37.8024628829,35.0585501584,32.3376242669,32.9204688571,33.7595265932,28.2704803749,26.5245241012,31.0408604566,29.3688637575,23.3836210039,23.7826128835,28.6280556115,26.0461350693,20.8756056569,24.5484257164,29.1048244574,26.4296920574,21.2434965217,19.95369053,15.5764352815,16.6045419996,11.8708573765,17.9470667045,19.9233465968,26.2326785108,23.01567676,30.1842931622,28.5830170436,31.7817725483,38.1934670525,34.5860555254,37.1026971409,37.573045367,37.3191817008,41.0818618818,43.9398015343,46.9116663101,43.8301333207,46.7160619658,41.9065008732,39.105599932,37.0086801803,31.7439277375,31.9557128374,30.751544242,30.1348441421,29.9308797968,28.3967357506,25.5946955776,24.088063407,23.791225635,22.5760967808,18.3176152568,19.1475655784,18.536674798,15.8371020292,13.1717772973,14.8517291131,13.597676935,10.1392660682,9.0502515032,12.0629203556,10.7401124969,13.9781438421,18.9713188381,20.0532610856,22.5853817944,25.1202013407,27.9944963887,1AUG ,1
E,E,E,E,E,E,E,E,2.0,E,A,0.538116591928,2,E,A,0.538116591928,E,0.8516,E,1.68,GLU,2,0.815617280078,0.992036121748,GLU,2.0,0.597003377913,0.76507356562,0,1AUG,E,2,E,7.87836988165,0.0,6.5535748449,6.84612605649,8.97921248184,13.1266719039,14.3953804745,18.762128639,20.6200909852,25.7728614064,28.4902629832,30.5059870429,34.0334346989,35.8314736282,37.1745579178,35.1872636179,34.9848564687,31.3131684655,28.2427959501,28.7814002132,25.3587999272,22.7164177516,26.0235671564,22.8562138655,19.35793825,23.3808663192,23.4839417588,16.293184342,14.7655128647,11.9776501602,12.4312513166,10.0451245474,12.7830363333,11.086619795,8.19308101657,7.89914312338,5.30038438277,10.4626675527,10.5955470962,15.0795522311,17.158267457,24.1607851848,22.8059410871,27.0543177781,29.7615387547,31.1704453011,33.4591190422,33.985815773,30.1701093083,27.5720928908,26.3112521935,26.3600326268,23.8893800734,20.4280122079,24.833048933,21.5862867462,17.9805956447,16.5055963645,18.1603056176,16.6372298997,12.8165113402,13.0063121807,11.0591840488,6.87627744,10.3083943906,14.4421221649,15.4958946908,19.3730350934,20.866961148,24.0209729641,29.6373360622,30.0004906187,32.8567597037,34.8732501762,31.3793178887,35.8641782491,31.7854137714,25.3842512193,27.8852051483,23.5236615808,26.614836149,27.6302233947,29.2810703179,27.2506353539,32.372994334,33.4239940084,36.2934209999,34.371749094,39.7266112438,38.4490499824,36.9480790304,39.9612164413,40.766075449,35.2663906642,33.204799329,34.6820579393,37.9361644148,36.5374882261,42.0520139818,37.5720569981,42.5557230615,40.5111748388,37.8259405323,37.3764598078,31.5259698266,31.4418112659,35.7552866929,36.4735364661,33.8735768769,30.6954745724,34.4462904324,31.6006030811,26.7411291782,28.4701445143,22.3292363067,19.9406570222,17.6400258273,17.3536405815,22.6792228832,27.1676525728,20.0479061862,19.2187192026,24.7601831566,26.2187144903,20.5560002604,22.4774139119,28.698283418,25.3919472535,23.3627181779,27.2493275404,26.1815106122,30.3904783189,27.3737887906,28.8196648392,27.9287569736,29.7405184432,31.4510105043,33.4090452555,29.7709502721,32.6442808641,35.7694476098,33.9970509647,30.8097789987,28.7916407805,30.4271230053,29.8782552201,24.1253615601,24.4843737691,28.8934086983,26.2228649018,20.1840433587,22.0319169034,26.1538705269,22.3815423283,18.7232645721,23.4954348265,26.4003967641,23.3102756726,17.7054278267,19.0429464395,13.5555003866,13.9441312037,12.7373085631,16.8460921307,17.6485618269,23.4664763397,21.0403700803,27.7339513137,25.5826560378,29.6392708415,34.9824320218,30.8886018024,34.1218594046,33.6907575818,33.3711515956,38.029936699,40.2453883903,42.7944085105,40.2009985258,44.1822634036,39.3494311036,37.333766326,34.6721413124,29.9112069851,29.5698466224,26.9153437076,27.1078137717,28.3523222332,25.5942224144,22.2484354318,23.0574222798,22.1282475517,19.7041566652,16.5835314031,18.7721932311,17.3416795875,13.6871587652,12.6504573837,16.1763193226,13.6219552645,10.0216090443,12.1567427466,16.0865864895,14.5506469679,18.8570425672,21.8177085867,24.053724662,26.8279046016,28.301941742,30.7612585792,1AUG ,1
K,K,K,K,K,K,K,K,3.0,K,A,0.283898305085,3,K,A,0.283898305085,K,1.57,K,2.307,LYS,3,0.974895420906,1.20615078245,LYS,3.0,0.723772655321,0.956084087735,0,1AUG,K,3,K,6.15101689872,6.5535748449,0.0,9.96066964745,8.444373099,13.1345831451,14.3031657863,18.1126716877,20.8443593604,24.9244573736,28.9415421244,31.3420714132,33.3779866043,35.6943170944,37.3233603825,35.236265736,36.1531861412,32.3203369407,28.2015530823,28.6618242856,24.9064743677,24.0728848703,27.2716414796,23.1791101617,19.7576805778,25.5109061539,25.2097364076,17.5096206845,17.862921439,15.3291512211,15.3233935413,13.7514070078,14.058520273,12.5259170433,7.1226251508,8.21503769598,9.23779181498,12.1110191832,13.1609311073,16.8856850483,18.9285752762,25.4758955156,22.6664937445,27.2814872275,29.2256735734,30.7129161472,31.6936554406,32.3999465748,30.4107601083,26.5628753354,24.6363520084,25.8599789304,24.1849211652,19.350340261,23.5307724839,22.5038345001,18.5931422273,15.7173950885,18.1771975397,19.3821196871,15.267792193,14.081240491,10.7009986162,4.87477369774,6.68670226028,12.2134463486,13.0678627903,17.2552600678,19.5645737516,22.1970667695,28.6325589719,27.8170321847,30.9836434506,32.9504773385,28.2610914017,33.1170886863,28.512583361,23.0178799512,24.6821218116,19.673333626,22.8624592033,22.1353337855,24.451301976,22.9092559249,28.1741703833,29.5085583761,32.703285594,31.7333418403,36.6076725745,36.134520762,34.6885656145,38.3121695605,39.5823438086,34.261054925,33.1247771862,34.6771787397,37.3797060753,35.5940252854,40.2468741264,35.4801472254,39.9304576601,37.4554079272,35.2568119892,33.8958905755,28.4234388177,28.0813383853,32.8485951382,32.6955214358,30.0480359444,26.0929870329,29.6625807395,26.7510157048,22.284931677,22.856265116,17.4033237886,15.0293364485,13.0438121548,11.8881983494,17.6709662599,21.5757738798,14.7683201355,15.0403057989,20.5415865131,21.8337074828,16.9892434255,19.6641937115,24.9394541332,22.021407578,21.809704284,25.0097287646,24.3457930011,27.9613321888,24.1251070567,25.0267331676,23.2256843455,25.7145366566,26.4468212148,29.3819737064,26.0801566887,29.0569517077,32.5641853132,32.0309626318,29.1792772093,26.6825947735,27.0807454093,27.6569098378,22.2816876341,20.7758732604,25.0874661799,23.2661886752,17.2718075367,17.8773534521,22.6539891127,20.0328423146,14.8892292541,18.9885753823,23.3293436764,20.8417390461,15.5902208447,14.9674438327,10.3891283156,10.6288075814,6.79088012888,12.1496340585,14.1089774041,20.6638985347,18.2217840051,25.0058986724,24.0884511344,27.7796352467,33.6704318529,30.7215388182,33.8094266974,34.0760501985,32.9703322348,37.2109261587,40.2021574112,42.6680179218,39.3337092871,42.7166054235,37.843033306,35.2344557125,33.4973763755,28.4165559198,29.2226296116,27.3835750323,27.8166778124,27.6717306553,24.8350274665,22.6491363318,22.6114924244,20.8234771483,18.6778404199,16.6553314891,17.0833715479,15.0413134867,12.1494304277,11.3083361674,12.6644590985,9.6394933106,6.70163865501,8.39411535634,11.1720040308,8.11552478038,12.7639541445,15.9605665749,18.5120787998,21.037573696,22.9401019598,25.3806863558,1AUG ,1
K,K,K,K,K,K,K,K,4.0,K,A,0.224576271186,4,K,A,0.224576271186,K,-0.127,K,0.827,LYS,4,0.997246208813,1.29719011266,LYS,4.0,0.764429225245,1.04399672309,0,1AUG,K,4,K,14.0597964304,6.84612605649,9.96066964745,0.0,7.41005984477,7.64816750254,10.902389785,13.6209074373,15.299599943,20.4885421575,22.5606081243,25.0546540389,28.6282835212,30.2779738369,31.7440261059,30.4796831714,30.0763052332,26.8205286815,23.3759519381,24.9263234837,20.9793009111,17.6308781211,21.9077777728,19.5416141062,15.3831712237,19.1434938713,20.7245671585,14.2584813713,10.5326418392,8.99669199899,11.3683845726,11.6305694506,14.9857181203,14.9025219553,13.0269125427,10.5332991614,5.66221079005,9.05655396869,5.44363261725,10.5279812227,10.80682728,18.2399503797,16.8380774178,20.6840438233,24.0967071459,24.9325330865,27.7848573258,27.9904604377,23.5512276501,21.532830887,20.5246279705,19.9394805694,17.2933377386,14.5426522666,18.9285059998,14.9264262388,11.3450748845,10.7423181498,12.5305878209,9.92860144659,6.04200781633,7.99357621429,5.8115023274,6.37745054263,9.33859310263,10.2328667887,12.8723624241,15.0184578319,17.0823422759,20.241449411,25.7424210281,26.5974943701,29.045581333,31.7210702499,28.5707023962,34.0271172614,30.6434606531,23.9588037893,25.7885765348,22.2716567337,23.8914220891,26.9068535167,26.8314726336,24.002969383,28.7875765606,29.2241204634,31.8593023594,29.1051398739,34.9688031626,33.1629299202,32.2619297589,34.7245904144,35.0077814647,29.2725388299,27.2482995058,28.207266342,31.7807176446,30.3072381671,36.4421692292,31.9457537691,37.2532140337,35.5504662754,32.3893947665,32.6540041816,26.6419520918,26.8134408548,30.631946054,32.1226944114,29.6398865811,27.4152580243,31.2244502241,28.5956252791,23.4160685883,26.9080389581,20.5139742643,17.9731817524,16.3058966101,18.1376363881,22.0281497661,27.7562654074,22.6149354701,19.3713294357,24.8393606912,27.5348535845,22.6473072839,22.6120215919,29.3722340293,27.784309115,25.036759829,28.4196918937,26.0289129828,29.7924530838,27.0421155165,27.9239613237,27.1434497981,27.56975425,30.091238175,30.3541387153,26.3323867719,29.0822584516,31.4021341012,28.8984161531,25.3816538763,24.1283476863,26.1651213883,24.4640494574,18.8576667083,20.9314936195,24.7494861857,21.4438075865,15.7794847475,18.7002645439,21.8738050567,17.3940436538,15.3532947915,20.6422513372,22.0502758241,18.9752114156,13.4758050891,17.1119088648,11.7298347545,10.9819866505,13.4515996469,14.7968292998,14.6136611842,19.6898986002,18.6808302407,24.2543900317,22.5050999451,27.2591748437,31.3828753997,27.7390067434,31.748229836,30.6843025266,29.5621074623,35.0110115739,36.9690573223,38.8024787146,36.2817795107,41.1731380748,36.3781310008,34.9591095996,32.4123560488,28.2365784152,28.1371895071,24.2967018442,25.8339036539,27.7384889343,23.4506666591,20.5645267359,23.6198118763,21.3238806689,17.6855822423,17.3691107055,19.5713223555,16.9112143173,13.2151399824,14.5037055309,17.9016806618,14.2434696706,11.9278958109,15.8369295427,19.2858916298,17.1054366828,21.7774716471,22.8956347439,26.1887940661,28.8526209164,29.541136591,31.4444004013,1AUG ,1
V,V,V,V,V,V,V,V,5.0,V,A,0.0,5,V,A,0.0,V,-0.4362,V,0.5574,VAL,5,1.40303868708,1.5301471387,VAL,5.0,1.10477062273,1.23873881489,0,1AUG,V,5,V,13.1730641713,8.97921248184,8.444373099,7.41005984477,0.0,6.69698875411,5.95547730836,10.7703364827,12.9102180227,17.5657456668,21.2166958656,23.1450230473,25.8171272284,27.8820834012,29.2996579843,27.0485864172,27.7427218505,23.892295454,20.0749811617,20.5089040558,16.8703604553,15.7619043343,18.8380391942,14.9364604749,11.361076161,17.202441895,17.157535169,9.6512880974,10.3995868916,8.40909381603,8.73891906707,9.83441831812,10.3331652329,11.1516774067,9.38160655781,5.93334973474,5.93093515821,4.82661914095,6.5235642451,8.75529413502,11.965849706,17.617603898,15.5748301218,20.385822387,21.8453194357,24.0964504132,25.8639344126,27.3133449445,24.1371811649,20.5488022471,19.9341478022,20.9365520475,18.180260342,14.2048174307,20.0173806638,18.3810751927,13.31935711,12.4970271462,16.5305525241,14.3563924517,10.1616188341,13.543094375,7.59264274699,7.11738526584,4.65100425198,7.8855105188,6.71739982379,11.0996572701,11.9940297765,15.0849249782,20.9045587427,21.025191818,23.9118175842,25.9940284025,22.5191216737,27.3281080435,23.5803894692,17.0250154753,19.1988182082,15.3532564455,18.0916172133,20.8767785699,21.8225022186,19.9285209331,24.7733716159,26.9548270386,28.7292446778,27.110329085,31.7100195545,30.413742842,28.2594556969,31.5016603109,32.7697842834,27.7192664743,25.6485840302,28.0159076248,30.5186975536,29.5265180726,34.0578605841,30.0886370401,34.8228020731,32.8017446682,30.8515847236,30.9227079518,24.6719204889,25.8360157093,30.0837818765,30.8911022575,28.3744733565,25.3036221199,28.2483492035,25.114670446,21.0299175101,22.3516169031,15.2195300577,13.4227117145,10.4195349642,11.9128920679,15.5622960878,21.2011886581,16.3375828515,12.1773186581,17.5747889662,20.2832407978,15.5752236011,15.2399616254,21.9676405889,20.729328545,18.2312082813,21.2677647209,18.9807723617,22.6715313629,19.722262352,20.8069372408,20.3485221483,21.3083954071,23.8615142589,25.009542079,21.3635512468,24.116398391,27.4426779138,25.5997738881,22.7581757463,20.2002961873,22.4178005181,22.5692324847,16.4336617865,16.5857658448,22.3102358699,19.252266125,13.3302092026,15.5718570174,20.8074573653,17.8619323159,13.9173164239,19.2994765692,22.487851707,20.5925339953,15.3701220178,17.6562255975,13.2149096848,10.7601612323,9.26225104688,11.0413986323,9.97318118909,14.8342866403,12.2249316054,18.826514438,16.7424923373,20.9737825925,26.1990162274,22.7723599119,26.274732155,26.0617879893,24.9713599358,29.6398025652,32.2544420389,34.588683536,31.586862803,35.5430862547,30.6764375332,28.6829860049,26.394514161,21.7494687261,22.2012575788,19.4394503887,20.6444756256,21.3700862826,17.4527191885,15.1453922127,17.2569593144,14.5128995592,11.3086034192,11.3116567986,12.5095994484,9.57478935119,5.94422143148,8.00546878255,10.8582522049,7.3112351366,5.8577216168,10.44742099,13.4493896938,12.9782802382,16.7372530029,16.7771916024,19.771519538,22.5682058497,22.7090935417,24.6105331157,1AUG ,1
L,L,L,L,L,L,L,L,6.0,L,A,0.0,6,L,A,0.0,L,-0.9825,L,0.08108,LEU,6,1.4257845525,1.55322257011,LEU,6.0,1.12962400213,1.25380208225,0,1AUG,L,6,L,18.6576780059,13.1266719039,13.1345831451,7.64816750254,6.69698875411,0.0,5.96619698366,6.1194016449,8.54289847387,13.0497030899,16.0705722275,18.983610488,21.4045341783,23.3866883758,25.0916467027,23.974185418,24.512829016,21.3060132586,16.6868588169,18.7927116196,14.2251028289,12.3566830492,16.9561414124,14.3424303799,9.85499296038,15.3011715394,17.3516297033,11.624703194,9.39138500562,9.52064514442,11.8706056692,14.5349058131,16.1005333263,17.4318745594,15.9376474207,12.493132636,10.1033254116,8.84607818423,5.49289903135,6.99923253746,6.53349610798,12.6921066024,9.81258748774,14.2848028148,16.8849399101,18.1333549751,20.5044943235,21.3699663425,17.6810988963,14.5639302136,14.0449538363,14.3807857632,11.5673087546,8.02170919557,13.9607312085,12.0284201313,6.72507127889,7.01998256718,11.5448529701,9.2791990837,5.90010910021,10.4236433622,4.59053886947,9.37438305064,8.0164101019,4.73258469561,7.41702530233,7.63983739937,10.2507900691,13.1148456395,18.9361859378,19.5483339121,21.8410772971,24.9194300175,21.6754656304,27.8901737596,25.0351538679,18.6356093219,19.5092255933,16.8897470315,17.1982061304,22.057631045,20.6970570664,17.6495278861,22.0211056783,23.0591251134,24.8206029794,22.0891594738,27.5730758551,25.6857703238,24.6202606495,27.1744856325,27.6948400401,22.1408110006,20.410205766,21.8753419292,24.8731662882,23.5369531165,29.0346431918,24.7725168126,29.9681963363,28.3105815426,25.5889335839,26.36749593,20.0002305336,21.2634723603,24.9243930353,26.6131590319,24.242696053,22.3856666387,25.5297755513,22.8116202011,18.2235811309,22.0050653228,15.264396608,13.206680694,11.8513095305,15.6310855119,17.4100818822,23.9776374684,21.3415256134,15.7518112141,20.5681690261,24.3573860661,20.8270791409,18.8395534495,25.4841124617,25.914873796,23.183493644,25.5531965612,22.1097982201,25.0072875958,22.3658820426,22.5465003659,21.911968432,21.1291436359,24.3517392493,23.3545543508,19.2096253325,21.8141822859,23.9237623839,21.2762799317,17.8511847704,16.4918864466,18.9004926576,17.3412606606,11.3950719784,14.1366234469,18.5497941202,14.7258116874,9.37579628375,13.1164370402,16.7036157566,12.9191775761,11.3358375008,16.9496309359,18.1583992508,16.3559855697,11.7067859622,16.2549748187,12.495771698,9.23499595294,12.6303551421,10.8454884058,8.76110070987,12.4395335695,12.6113772835,17.0459882768,16.0829298614,21.1554872962,24.5842824371,22.0636515262,26.5196438009,25.5235156021,23.2186221706,28.9011114709,31.2146838094,32.5349636011,29.5474333922,34.6566416761,29.8861299686,28.6321059968,26.6958613408,22.9305086765,23.7741563075,19.6538014143,22.500184083,23.9263254438,18.3123241959,16.8792199138,21.3083143661,17.3000244302,12.8358161911,16.1598808436,17.2217578087,13.3317666705,10.6212564544,14.1950163692,16.3092324913,12.2110937775,12.0969771092,16.78509795,19.1350373175,17.3290864095,21.4055012463,20.1652643518,24.1347710156,26.5678698671,26.2199233741,27.4603263354,1AUG ,1
L,L,L,L,L,L,L,L,7.0,L,A,0.00497512437811,7,L,A,0.00497512437811,L,-0.1651,L,0.7938,LEU,7,1.54645412815,1.6698418687,LEU,7.0,1.20317752251,1.32946087082,0,1AUG,L,7,L,19.0189329357,14.3953804745,14.3031657863,10.902389785,5.95547730836,5.96619698366,0.0,6.30400984956,7.54155884888,12.3653586252,15.8714378089,17.3910630161,20.2542171254,22.1796239811,23.4687059772,21.1024839925,21.8989644116,18.0459430977,14.1702543387,14.6945040297,11.0146675017,10.2549810594,13.1830707058,9.37152900571,5.47886783898,12.1226755781,12.5021096038,6.23045746525,7.94349063148,7.72308912645,8.40147148927,11.9565332458,12.0797605011,14.3739574508,14.419437701,10.3473491671,10.0494646352,5.70363475534,6.80365013506,4.87684694469,9.01072085389,12.5677721511,11.0923728713,15.9477917082,16.5678732323,19.5947143157,21.7641776394,23.9151949628,20.1920942816,16.709196129,17.3391829659,18.3501810291,14.9362991881,12.0296700002,18.6531619646,17.2194453759,11.7172891483,12.7536996084,17.4993378907,13.4851893535,10.2366010452,16.0353580769,9.85899627892,12.3156424278,8.94809401448,8.34475934801,5.2180665271,7.95918231768,6.77546046074,10.1635665082,15.280368226,16.185422606,18.7241231144,20.977494089,18.5663713544,23.4098707449,20.5945846598,13.6358557534,15.7971147929,13.5226534332,15.2673112049,20.7200110365,20.4291619317,18.4303215885,22.549752786,25.3573981535,25.8861850634,23.9214989012,28.031771453,26.1678649196,23.4396490612,26.3692330626,27.702537418,23.0412624345,20.3161454352,23.4739988805,25.5834960479,25.2764440151,29.4095229853,26.1960385221,30.962453692,29.3131119783,27.7292520729,28.8613820874,22.3122276431,24.6611063938,28.3411602338,29.7375353355,27.4374722295,25.1174203688,27.3788355911,24.2485566568,20.8398776517,22.5141612064,15.0084549611,14.0049122425,11.075781178,14.1918652902,15.4914346351,21.8134893802,19.0300003935,12.4815254492,16.8186116021,20.5008138897,16.7806475184,13.8857190083,20.9767704396,21.4680338153,17.8109795751,20.1524729581,16.4842116182,19.7255616969,17.6462690904,18.5651052569,19.1160192598,18.5914735965,22.4488990081,21.9937592477,18.2648044895,20.6599834234,23.696753236,20.879307325,18.2079926367,15.6032705496,19.3155032022,19.258272393,12.8902446929,14.437332045,20.8495761426,17.0981049665,12.1370479128,15.2481996604,20.3268061314,17.6833685655,15.0435122515,20.4612369507,22.7436100602,21.5878017524,17.1217409849,20.6188262244,16.9848120102,13.5121397944,13.3994829826,12.6260078015,9.40450541993,11.3072757044,9.10760381403,14.6019393612,11.6758164885,16.403518931,20.7539086452,17.2875568174,21.273462115,20.6741398154,19.2209807803,24.2979091947,26.7092787034,28.7796917146,25.9084221679,30.352011183,25.5319110192,24.0933820988,21.5910095362,17.5481229997,18.0109762845,14.3585102554,16.7345714208,18.0147422201,12.7879898994,11.0447608678,15.4830099903,11.5404139095,7.15757934361,10.8537847323,11.9918857237,8.51032987726,6.18592527799,10.36312589,12.7578238872,9.90499879393,10.4029650144,14.7641997303,17.0660677139,17.4603751506,20.5141034639,18.6670489577,21.7992093928,24.4646492075,23.4324922314,24.7369048051,1AUG ,1
T,T,T,T,T,T,T,T,8.0,T,A,0.00581395348837,8,T,A,0.00581395348837,T,-1.015,T,0.05235,THR,8,1.63564964458,1.68160466482,THR,8.0,1.27881810683,1.3318459503,0,1AUG,T,8,T,23.6579310897,18.762128639,18.1126716877,13.6209074373,10.7703364827,6.1194016449,6.30400984956,0.0,3.70766161522,7.04294132559,11.0903629412,13.9908103923,15.4724041206,17.6662693201,19.4592735827,18.3222071526,19.6741727387,16.5775757175,11.0377314328,13.6441989485,8.64312015626,8.81163394896,13.073257525,10.6533154176,6.68145546246,12.7944160492,15.084965994,11.4167827172,10.9927536616,12.2947089269,14.077271362,17.8966820887,18.3795444554,20.6037116678,19.9461979252,16.1893487925,15.0300738922,11.7120506942,9.94802224272,7.68804053023,7.30263606749,9.10568887753,5.20551130325,10.2401903848,11.1810616335,13.5160891916,15.6538330023,17.6433360706,14.3630016487,10.4078673947,11.4058623825,12.597276803,9.48425822433,6.83672053046,13.4971923962,13.3700625479,8.2253164241,10.0473174448,15.0121045395,12.2715551982,10.4953026936,15.6928474063,10.2892439071,14.9481293054,11.8901564931,7.47531057057,7.28712825177,4.21908065122,5.52859825017,7.79118135948,13.2622859281,14.0788358929,16.0075516167,19.4146818507,16.7635731502,23.2878537152,21.310707598,15.3102802252,15.4261034934,14.439349726,13.3332895902,20.507867675,17.9785280866,15.0520548884,18.4915520411,20.5256271325,20.7785272283,18.0442996942,22.7111971148,20.4683654373,18.7581701576,21.2670411928,22.1053495919,17.0211320766,15.0570355588,17.585054573,19.7612798989,19.0577121623,23.6421416491,20.1196060818,25.1575318712,23.7342735608,21.7279399591,23.4504935304,16.8434859304,19.6353137616,22.756186535,24.7470912026,22.6517082138,21.3775048547,23.4896278531,20.7521388397,17.3597565772,20.8502304185,14.1343217788,13.1811722835,12.021300985,16.7815948159,16.2961517481,23.1415102995,22.6355719003,15.3996999363,18.9384856832,23.4769512636,21.1912311079,17.3492166188,23.6294336795,25.7703927963,22.7369572334,24.1668263563,19.7978400363,21.797775942,19.7627519488,19.4537250623,19.4926215478,17.2575536428,21.5097231872,18.9585375513,14.8323666561,17.0315209358,18.8950615105,15.5524557269,12.378505229,10.760026824,14.5714679645,13.263035661,6.97031141812,11.0300367082,16.2795244999,11.9393487945,8.35635389391,12.382885421,16.0426054664,13.5667962229,12.911962287,17.8869398754,18.6975299161,18.2322313508,14.9951163055,19.5347063335,17.1130113628,13.1187640211,15.8456166234,12.3200518936,8.39580285348,8.01461141432,9.58389398574,11.8974274438,11.2506982571,16.5169276291,18.8808303205,17.2917592633,22.0883641484,21.0337849472,17.757486289,23.6469058213,26.0860779333,26.9601474908,23.729655226,29.1133988428,24.4406685072,23.5700903203,21.9989263083,18.9477626793,20.3995314341,16.0259975673,20.013119804,21.2248691245,14.6020308888,14.6640443297,20.2825521884,15.2054901886,10.4382536548,16.7059780086,17.0022963825,12.8194576755,11.6503394194,16.2110496629,17.4221568261,13.9699046706,15.3040553849,19.7972663913,21.3710103324,20.4880350538,23.6790883745,20.6823943819,24.6857317895,26.8863741466,25.4883341057,26.0923938781,1AUG ,1
G,G,G,G,G,G,G,G,9.0,G,A,0.0,9,G,A,0.0,G,-0.811,G,0.2307,GLY,9,1.56436252417,1.73904715907,GLY,9.0,1.21052666557,1.35602342257,0,1AUG,G,9,G,26.0474291172,20.6200909852,20.8443593604,15.299599943,12.9102180227,8.54289847387,7.54155884888,3.70766161522,0.0,6.05243715163,8.36079678383,10.6302532186,13.5477111269,15.2152703175,16.6963740644,15.5049501269,16.2045509516,13.1858864768,8.25807042763,11.2035683623,6.57473537628,5.21545056646,9.80024851905,8.64038674544,5.12240034278,9.5517869092,12.616990437,10.7924362778,9.9067583536,12.0185178672,13.8749117648,18.2315459854,18.9949266359,21.5994191401,21.8948299892,17.7960689394,16.2939791388,12.4942116084,10.7305771432,6.99830630702,6.75439153072,5.82689820583,4.55081294019,8.85666975521,9.5072681999,12.55789847,15.8641133588,18.1844942106,13.3981472619,10.7407100832,13.0773864811,13.4070134708,9.4308808197,9.21342298829,15.4477150866,14.2191610409,9.50703175876,12.7241710874,17.1746527741,12.3448582057,11.3824961402,17.8430104546,12.984935143,17.7291190256,14.9376906003,10.9985951781,10.1092228282,7.59388869936,6.18610600651,8.26469186919,11.6586070626,13.8736957721,15.205868224,18.5240469401,17.4105257305,23.1941453302,21.9614749672,15.7778983848,16.4292057651,16.4102004086,15.3131720513,23.3236839528,20.6661449255,17.9152042252,20.7415063844,22.9462496366,22.4056488769,19.2455361167,23.5306359075,20.6188454595,18.4427760227,20.2918433289,20.9233835948,16.1843005256,12.9184052196,16.1816390286,18.3459151125,18.4991601558,23.1218022113,20.4507439809,25.5764977249,24.6296268574,22.7521940399,25.3701281702,18.8337687034,22.1197365104,24.6593491956,27.1424044798,25.2353592856,24.4750924896,26.2827672681,23.6521217506,20.6135239354,24.0655896611,17.3658187577,16.7160126221,15.2737163478,19.7913070312,19.0828109841,25.8087059194,25.2703285989,17.7341302107,20.8338689501,25.3583096389,22.9716439362,18.4961424431,24.9425643523,27.2301630866,23.2943473299,24.7192374625,19.9363486597,21.9462161542,20.7584013584,20.76495469,21.6247794901,18.9116484503,23.7659237042,20.5409114369,16.62648619,18.3777370574,19.8590889727,15.3422164126,12.3249804945,11.1616324313,16.3653005127,14.5444550348,8.83953487354,13.8535077559,18.9956292873,14.4602519292,11.8156757211,15.8655358982,19.0583317258,16.4609403689,16.5300211055,21.4172219868,21.6346732297,21.1755268116,18.0914283694,23.0516374915,20.4073595386,16.5777302711,19.1546808199,15.9886716383,11.9541107071,10.1970994671,11.4286403975,12.7634337882,10.7662652877,16.0050201157,17.3561494696,15.0725020734,20.1209371982,18.4460426507,15.436440666,21.7204385456,23.5548536772,24.3249355493,21.6540808184,27.5375055904,23.0159389086,22.7941956689,20.6290311859,18.2334176969,19.0051475031,13.8529328617,18.2971301651,20.3776423439,13.577603783,13.4227804156,20.0757159902,15.3092694859,10.6395000933,17.0419854934,17.914420342,14.3096770423,13.2760792232,17.7162059224,19.4674466656,16.5570761463,17.6890114815,22.1099143287,23.9425173238,23.6857534109,26.7416309029,23.6850593489,27.3555122373,29.6416026899,27.9050733948,28.4360832438,1AUG ,1
F,F,F,F,F,F,F,F,10.0,F,A,0.0166666666667,10,F,A,0.0166666666667,F,-0.9986,F,0.06702,PHE,10,1.62329938362,1.62433256093,PHE,10.0,1.21076377534,1.23826661569,0,1AUG,F,10,F,30.4826410071,25.7728614064,24.9244573736,20.4885421575,17.5657456668,13.0497030899,12.3653586252,7.04294132559,6.05243715163,0.0,6.45926423623,9.47104221185,8.51413144317,11.0475974079,13.1416854064,12.7545332972,15.2853612714,13.0855088895,6.30842626983,10.5195182335,5.84047002063,9.11307995668,11.9787482312,11.2233554737,9.59596975656,13.5137389485,16.245031557,15.6805659427,15.9327676726,17.9881608159,19.5104735722,23.8396284006,23.835032006,26.5379697405,26.4148799507,22.6042392404,21.8028297242,17.8748407423,16.4568066719,12.9859005935,11.9146784632,8.33921291542,5.01550045956,7.33450148571,4.52889652897,8.62803270953,10.5310454879,13.9508057035,11.4481688055,7.39563429184,10.7832816154,12.3744875509,9.89053712748,9.95917244192,14.8304128215,16.2484123658,12.6350974512,15.1762737886,19.6054548901,16.9081058062,16.4901000252,21.6477421908,16.9729870067,21.8569366814,18.4497918373,13.6999412894,12.8334198939,8.34176853803,7.47333130928,6.74541462394,9.1046716353,10.5352436159,11.0581495408,15.2298110086,14.0349921373,20.7888078537,20.4430348698,15.8539329842,14.6118751955,16.1248150821,12.858614689,22.0363994426,17.9013377788,15.222672327,16.6740084722,19.2374318656,17.4169863732,14.3587245652,17.8118908172,14.7198711874,12.5412551176,14.4048445925,15.3397821807,11.0033547112,8.82200182178,12.7095273829,13.5566425822,13.8745025736,17.2711221948,15.0290273255,19.828454045,19.0388171173,17.8406376403,21.0941303891,14.8730526367,19.249191491,21.1302857286,23.6854859971,22.1497927928,22.0877679882,22.9443592004,20.6252493614,18.7860143691,22.295299455,16.7606336637,16.8638250803,16.4348323939,21.4726376611,18.9730999371,25.4677714427,27.1461552694,19.1780231611,21.0207408247,26.0114583666,25.1420369248,19.8822417096,25.1160088769,28.9843655692,25.8308402715,26.1967847021,21.0940485145,21.7162795762,20.6795030912,19.6452765251,20.3698499992,16.2179252667,21.3681949332,16.347255273,12.6927172833,13.7788023159,14.3412559999,9.30072698616,6.54959206973,5.78575919285,11.8427162163,10.1815153446,6.19256945593,11.6348683426,15.9947665238,11.6893632567,11.7163876001,15.0711506644,17.4354535599,16.3665180473,17.2455497557,20.9943885544,20.7453363857,21.501351414,19.8297079349,24.4103886938,23.0914787556,18.9687301642,21.7883286637,17.2169862416,13.0103154631,8.22407148307,11.8258462619,9.3840322246,10.0257062697,14.626423721,14.0990269643,14.6102726423,19.7081210108,18.3364819378,13.3882617243,19.6030386706,21.909491481,21.6388969717,18.197525743,24.3362165126,20.0720710796,20.1558409334,19.3283706175,17.9085243155,19.9871260485,15.4860316972,20.6771001869,21.7649188511,14.5414724583,16.4557084545,22.8981886376,17.324666972,13.2101454716,21.0862126377,20.807823067,16.9397542069,17.0556029959,21.7530166025,22.253090523,19.4861907716,21.5404395967,25.7283333507,26.6905289955,26.2419366529,28.7649001083,24.4812191451,28.3971080564,30.2084487768,27.8903052858,27.710046706,1AUG ,1
D,D,D,D,D,D,D,D,11.0,D,A,0.19689119171,11,D,A,0.19689119171,D,-0.478,D,0.521,ASP,11,1.328831576,1.39836716789,ASP,11.0,0.978598251391,1.03511326506,0,1AUG,D,11,D,34.2828286546,28.4902629832,28.9415421244,22.5606081243,21.2166958656,16.0705722275,15.8714378089,11.0903629412,8.36079678383,6.45926423623,0.0,4.97040408533,7.69191228086,8.15332019123,9.78283482188,11.1538364635,11.4462753602,10.7354432267,6.5389206678,11.7238362316,8.91077769672,8.10130403157,11.0971077152,13.2629121127,12.1159429734,12.0871880375,16.4588976552,17.9588921548,16.3092271541,19.1744472273,21.2411437671,25.8267454299,26.8068666983,29.6275671165,30.2427244147,26.0949849422,24.1871679995,20.5602285891,18.1623868339,14.4073639792,12.1078562756,5.30893300327,6.89537725979,5.0773566015,4.45421176131,7.13832085298,12.3724795567,14.8568592737,8.6969022707,9.0573855262,13.5558885804,12.7973889318,9.48189742146,13.0527485004,16.7888589076,16.051360522,13.770768034,17.8554003385,21.195351643,16.3906625407,17.4258935703,23.4258419914,19.9879534859,25.4249030737,22.9464422974,18.0694592914,17.9382846101,13.875407432,12.6004772997,12.5593833956,12.0044380098,15.3622219849,14.7390903835,18.5870426007,19.4868965595,25.1417213506,25.6562495124,20.8306038489,20.3582193389,22.2042111902,19.2418103134,28.4937101891,24.172519383,21.2401116896,22.2294605095,23.7135303468,21.677266228,17.3893807538,21.0766009764,16.7871360162,15.4549960973,15.0943997106,14.4262084961,10.3153074166,5.18682133058,9.27904346176,11.1315325213,12.7702555635,17.6125193672,16.5181613252,21.6412256392,21.9000574557,19.9950635375,24.537787119,18.8576933742,22.9807499661,23.7820455505,27.3734588416,26.1224830708,27.0899651533,28.1371862006,26.232378267,24.0507489462,28.526625902,23.0551602355,22.8320887565,22.3107608645,27.2447974091,25.2717439489,31.8080642765,32.839457818,24.9058923109,26.9288873273,31.7782370536,30.3494984534,24.9840613298,30.6026228005,34.1274635571,29.9704882512,30.6759112175,25.3462328699,26.2307217956,26.0186986669,25.4173772876,26.6488275424,22.3686550638,27.7014073641,22.1273244946,18.7587708253,19.3794564355,18.7319455922,12.2253654343,9.65840877217,11.3125939029,17.2461352258,13.6722374237,11.2299520786,17.8625641684,20.9580199116,16.4868283405,16.8212494674,20.6867060304,21.7847877038,19.7619439704,22.0349064162,25.9173266682,24.2633003393,24.5888700255,23.0821363211,28.6657497635,26.9005376265,23.1512317961,26.8923495417,22.6719586244,18.6566489751,14.657243324,17.6888558251,15.3673380625,14.5619152359,18.7728769591,16.3234520599,15.860746107,21.1144667258,18.4234912572,14.1279322301,20.8736448688,21.6461558552,20.573654318,18.6112465862,25.8679334882,22.1955964228,23.5215433143,21.8575844655,21.5218730915,22.3366415634,16.7545566012,22.1965146347,24.7622148456,17.7986238278,18.8090966163,26.2236690862,21.4239949811,17.3797958533,24.4305385668,25.1687313824,21.811095009,21.3868396721,25.8524937503,27.3096406257,24.5847273631,26.0009718317,30.3803577424,31.9433282869,31.5168789304,34.4249052254,30.6034913927,34.4126467349,36.3888338356,34.0871070039,33.99021315,1AUG ,1
P,P,P,P,P,P,P,P,12.0,P,A,0.295597484277,12,P,A,0.295597484277,P,-0.918,P,0.1373,PRO,12,1.19283596661,1.3434463086,PRO,12.0,0.819382680539,0.951767774571,0,1AUG,P,12,P,36.2557880914,30.5059870429,31.3420714132,25.0546540389,23.1450230473,18.983610488,17.3910630161,13.9908103923,10.6302532186,9.47104221185,4.97040408533,0.0,8.06811846302,7.12698335228,7.28835988298,7.46807671751,6.52595570365,6.16913455848,5.34061466742,9.2220691498,8.82321817908,8.012653053,8.30893849991,12.0423781942,12.5291584692,10.2499925551,14.1669725249,17.7704149462,17.0197194754,19.9489573951,21.4557682968,26.2046970352,26.901292692,30.0507705348,31.5770963329,27.2813836814,25.7385755929,21.5513090881,20.0904217445,15.5769974096,14.814381728,7.29474291657,11.013371964,9.99674298413,7.63522721872,11.523121945,16.1371242753,19.2456743033,13.2442420931,13.8440719506,18.3526608979,17.7500960102,14.178230853,17.4431285913,21.6889325333,20.4063554323,17.7502662673,21.9806178844,25.5056632432,19.4096071126,20.2427476967,27.1007368353,23.2696133494,28.2630521828,25.4873014172,21.4039119832,20.0420340531,16.941887183,13.9714958853,13.8459504554,10.7547606643,15.382520766,14.2328582673,17.182278974,19.9816877782,24.0011061479,25.244896326,20.5181214559,20.8421266585,23.3633222272,21.1124279584,30.6145640344,26.9072095252,24.5778280608,25.3875541707,27.7950535257,25.0417157534,21.3399785863,23.7789052007,19.446790044,16.626950025,15.9281509145,15.8124555228,13.5040798558,7.23442103507,12.7469179393,13.3934168349,16.3838550698,19.6216573089,19.9755487273,24.460760864,24.9534175704,23.9142035387,28.6587025573,23.0770806875,27.5483698398,28.3499781499,31.7730121949,30.5654856653,31.2616514359,31.9271579752,29.8335067953,28.1259466385,31.6064413135,25.7997184037,25.929786362,24.7626649178,29.2759645581,27.1913714439,33.4178674708,34.2858622959,26.1935486041,27.6909723389,32.307092666,30.8533004938,25.0274118896,30.5343483696,34.1079983186,29.2064870338,29.7616726331,24.2857994185,25.0940031947,25.8457847818,25.7374146099,27.9013990759,23.647330345,29.3892275631,23.9923152121,21.0975145551,21.3863204612,21.1849715601,14.4952746245,13.073412858,13.7558175118,20.4582362509,17.9409195867,15.2884204392,21.0220940978,25.0607129459,20.7197222236,20.7181611183,24.4286108251,26.2864784553,24.409890152,26.0198092092,30.1209271262,29.0088641063,29.292510069,27.3869050918,32.7946651507,30.6540595261,26.8385819602,29.5553608454,25.9261193323,21.6438886535,17.1848086139,19.0507298238,16.6985331406,14.2635570005,17.6355956711,14.2900554761,12.793181951,17.7800398573,14.4799612972,10.9986320078,17.6334626636,17.5181980689,16.5763495671,15.6045206042,23.0112012724,19.6632694938,21.6798835406,19.2456828523,19.7814149095,19.7717164557,14.0627425946,19.5226957211,22.6715411809,16.2945356172,17.2822114632,24.9320746345,20.7611683294,17.4245447381,24.1036712852,25.1004171935,22.4976929564,22.4121871578,26.5922587376,28.2851724407,26.270640582,27.6664398969,31.7803410636,33.4321359584,33.9424528672,36.491325634,32.5850449106,35.855432933,37.9363175964,35.2624601109,35.1662658035,1AUG ,1
F,F,F,F,F,F,F,F,13.0,F,A,0.241666666667,13,F,A,0.241666666667,F,-1.056,F,0.01685,PHE,13,1.40814175344,1.34037982424,PHE,13.0,0.95833890583,0.918363009528,0,1AUG,F,13,F,38.8299189713,34.0334346989,33.3779866043,28.6282835212,25.8171272284,21.4045341783,20.2542171254,15.4724041206,13.5477111269,8.51413144317,7.69191228086,8.06811846302,0.0,3.44876756717,5.94867271826,7.87128638847,11.7004607366,11.7926625482,7.49631370439,11.3990017771,10.2782216869,13.8381256317,14.2999052188,15.7547247091,16.1797904631,17.1112482857,19.858918684,22.1007284676,22.5721200839,25.0760480113,26.3990404711,31.0184734123,30.8173550951,33.8748643973,34.4057405296,30.4839175694,29.764347579,25.4809609563,24.2530632792,20.1749214915,18.9759370732,12.6253916961,12.2677804718,10.8279833019,4.92429697022,8.92478924845,10.3426335155,14.6903297319,13.0124733344,11.5809530295,15.9892587306,17.0278659133,15.3706068717,17.4770720397,20.5231265226,22.2690931389,19.953743541,22.993354061,26.7980245647,23.6104592826,24.0967248656,29.4823012916,25.3384754931,30.3606117143,26.8761706557,22.1567418062,20.9331722577,16.6183590065,14.7378721507,12.8451664805,9.77844744798,12.1953951053,10.0510720498,13.9448235979,15.9220315747,21.1440301435,22.9614763282,20.1978641851,18.3587008184,21.8640161076,17.7493837855,27.4302788242,22.5021873306,20.5065087011,19.8008828209,22.5083143618,18.4601803411,15.4487842896,16.2560511161,11.9226967047,8.98769582621,7.94469085131,8.73620144384,7.89675281493,4.65869814935,10.6541412858,8.43749822752,11.6376526531,12.1036404313,13.3966296061,16.980536134,17.6092490319,17.7672769272,22.7945380469,18.0850565606,23.3153951525,23.5341865446,26.6067874691,25.8281841757,27.0122765014,26.6187536793,24.9509529431,24.6128789534,27.7987509714,23.5010490113,24.256617416,24.0861753538,28.9586398538,25.3636707199,31.1293679596,34.2056169306,26.0142075167,26.4719194355,31.4370538072,31.5583438058,25.4281811809,29.532959407,34.5822316812,31.1083722067,30.6258750286,25.1755224261,24.5481942309,24.8881866615,23.5382640951,25.1164649025,19.783178712,25.2621944314,18.3790641359,16.2066699058,15.6160439167,14.1814677236,7.30611227453,7.69078216495,9.18308196485,15.0874178015,13.4082134552,13.2336053942,17.8761171589,20.7496822491,17.2762180532,19.4075010998,22.1134206545,23.2791005923,23.1000846718,24.9504370773,27.8139109364,26.6557841072,28.1391200219,27.4759753209,32.1141506386,31.3219769715,27.2339792855,30.0175898488,25.1891519219,21.0355288547,14.9737381484,18.4922091275,13.2546405949,14.0946409596,16.5800225784,11.6707573064,14.7028936743,19.2489427202,17.3421855795,11.2631426806,16.9143100358,18.2800387582,16.0320393065,13.0477951954,20.2479422249,17.1906150238,19.0562132349,18.9256861098,19.9356580341,21.9718855607,17.8081267048,23.4499235526,24.6806196158,18.0162482667,20.9755507734,27.7011975875,22.4524460346,19.3790135766,27.438707603,27.0238131459,23.8130289373,24.5894354652,29.1522520427,29.4296344123,27.2983692178,29.5974087786,33.5511254546,34.2376844595,34.2905323763,36.3282707286,31.3307162851,34.9022021787,36.4156528734,33.3632335691,32.5556795639,1AUG ,1
G,G,G,G,G,G,G,G,14.0,G,A,0.596153846154,14,G,A,0.596153846154,G,-0.03597,G,0.9064,GLY,14,1.31218908114,1.2098411248,GLY,14.0,0.892605511817,0.757476420403,0,1AUG,G,14,G,41.0198851095,35.8314736282,35.6943170944,30.2779738369,27.8820834012,23.3866883758,22.1796239811,17.6662693201,15.2152703175,11.0475974079,8.15332019123,7.12698335228,3.44876756717,0.0,2.80212760761,6.85201519535,9.52843675581,10.8426631675,8.62646284389,12.2703372599,12.1062517336,14.4010383072,14.3699239362,16.9451514565,17.6921466537,17.1053809668,20.1852167695,23.4180274921,23.4288195911,26.1737484749,27.5767425586,32.2935283098,32.3864426777,35.5387821817,36.4826302448,32.4044451117,31.3647163522,27.0898827198,25.693412752,21.4338069878,20.1212260466,13.0317852809,14.1157439251,11.9284504651,7.15423451884,10.288194422,12.8755490924,16.6572360999,13.674638362,13.8005301693,18.4454876548,18.708915742,16.7434417031,19.7574504579,22.6527095089,23.5397903196,21.5684382793,25.1161578064,28.6221493914,24.5419069056,25.4420920714,31.2449256881,27.4139338706,32.5761102651,29.3372955301,24.6546279745,23.4756898684,19.3634248429,17.1419534965,15.601445176,11.6375045861,14.9150595404,12.5125950067,15.8095922334,18.8754104558,23.2381409081,25.4597707977,22.5393165211,21.219558798,24.8055873643,21.0315452672,30.7557097175,25.9445727566,23.9020944281,23.194170559,25.603473241,21.5413246325,18.196538299,18.9684935678,14.3391662275,11.7948236734,9.51038250026,9.28636775709,9.40900644404,4.7253658086,10.7002049453,8.47976114843,12.7055645096,13.4147286599,15.5711044889,19.0183426665,20.1484250506,20.1096338999,25.5540753616,21.0592188081,26.1441207279,26.0068506916,29.4241818268,28.7384732663,30.2041969732,29.8952779585,28.3196039536,27.8194521055,31.2213480737,26.7535036703,27.4007984869,27.0484825946,31.8637472013,28.5008984475,34.2944466091,37.0248222145,28.7845443236,29.3029013255,34.1738808958,34.0326348759,27.80510406,32.0862086739,36.9649162626,32.9764467799,32.6144088446,27.0806607654,26.5842039659,27.3850802587,26.3316278158,28.240308304,22.9809969342,28.5618395723,21.7129939967,19.6383138555,18.9866063632,17.3655380362,10.5016229584,10.7785081895,12.5720228852,18.4810645409,16.2729715207,16.0906310037,21.187758096,23.9347495038,20.3342724394,22.2917955297,25.260431062,26.2102361062,25.6370160177,27.8102176414,30.8530846646,29.3177799771,30.5962596798,29.8662869607,34.86093997,33.8058786578,29.8047218431,32.7582801197,28.1345242886,23.9341400574,18.1213928742,21.2760821463,16.4244894346,16.3469975236,18.6193585558,12.993883022,15.2865057714,19.6681436235,17.1294430802,11.6850816913,17.2531692568,17.5981055998,14.7805950754,12.9796401088,20.6381557058,18.0768084411,20.6354693799,19.973274358,21.5710073711,22.9200334401,18.4338184942,24.0581505304,25.9328341516,19.5554678754,22.1317234045,29.1873699677,24.3509404595,21.3792775801,29.0788169234,29.0775175827,26.1445296872,26.7581919496,31.2186283684,31.8940718,29.8593370156,31.9318722537,35.9389992788,36.8777737843,37.0921182161,39.2408637302,34.4140651046,37.8729685123,39.4896656932,36.3980889888,35.654917267,1AUG ,1
G,G,G,G,G,G,G,G,15.0,G,A,0.798076923077,15,G,A,0.798076923077,G,-0.3262,G,0.6534,GLY,15,1.15367967496,1.08659092233,GLY,15.0,0.732289633039,0.64707654595,0,1AUG,G,15,G,42.4556095805,37.1745579178,37.3233603825,31.7440261059,29.2996579843,25.0916467027,23.4687059772,19.4592735827,16.6963740644,13.1416854064,9.78283482188,7.28835988298,5.94867271826,2.80212760761,0.0,5.5748906445,7.58298750851,9.76686776599,9.48979286196,12.266779698,13.1720032716,15.0606599602,14.1382424571,17.3305233733,18.6231844659,17.0415041776,19.9074517461,24.0130056503,24.1695865034,26.97064462,28.2084639726,32.9642524576,33.042268863,36.3117382171,37.6783594716,33.5218375105,32.5117179975,28.087872405,26.9349398031,22.4377819712,21.5218455548,14.1161260726,16.1289401106,14.0456815415,9.59525854649,12.8498852997,15.6656027506,19.3854831218,15.8481750068,16.4141017979,21.1005190908,21.1493654532,18.8623691183,22.0559212145,25.194754303,25.5538209785,23.4992331837,27.2739667832,30.7805992819,25.9838836528,26.9279219428,33.1466952681,29.2650093705,34.3238028323,31.0710170584,26.6651463457,25.1252342057,21.4032168579,18.6083846217,17.197441476,12.2955165498,16.127052078,13.5314044531,16.1670400716,20.2508003354,23.6442357042,26.2534675112,23.3667554252,22.5052701873,26.2953610069,22.9369291212,32.6905578955,28.2013351682,26.3551319021,25.6827677935,28.3455473077,24.1450981628,20.9652206097,21.3643385816,16.8126332021,13.7661408492,11.3010968965,11.2066087401,12.0829135244,7.12682661041,12.8388124701,10.6735601738,15.2133955466,15.4939256651,18.2167920818,21.3622600611,22.6286105878,22.8111020215,28.3032815491,23.8370381017,28.9359619999,28.7932823316,32.2118770212,31.5289162944,32.9075563229,32.541765638,30.8931703381,30.4475587724,33.5491099632,28.8725836868,29.5854439268,28.9418474498,33.5779782805,30.2869205535,35.9638761507,38.4925254713,30.2220237742,30.5844455767,35.3110820155,35.0771487111,28.7066084347,32.9644023566,37.7784743208,33.3999253008,33.0117198544,27.4552835413,26.9564787937,28.2474698861,27.4769364406,29.8113448921,24.651597859,30.3729517397,23.7163082542,21.8259227694,21.095536147,19.7242743405,13.0256865423,13.5027459933,14.8845110679,21.0189527953,19.0492783167,18.5527670375,23.5209095853,26.6325553503,22.9959945681,24.6591506877,27.6925887958,28.9017480803,28.1851320631,30.1948598141,33.419863866,32.0021801087,33.1529239701,32.202743025,37.2629952857,35.9640450277,31.964252038,34.6215802455,30.2849202853,25.9878880594,20.1898530517,22.8079066557,18.184726065,17.2838377742,19.116624737,12.995390928,14.7530025562,18.7820593887,15.8986810414,11.0852859049,16.287072846,15.8651404429,12.7609715352,11.9315237635,19.7319432905,17.5540370104,20.6205767303,19.5293180444,21.6725262095,22.5147958211,18.0702945844,23.5482074606,25.7535488729,19.8083809902,22.2533445362,29.3541759385,24.9150966788,22.2593304734,29.6391859347,29.8377779762,27.2655976083,27.933039286,32.2388644643,33.1088273854,31.3491514367,33.3330099983,37.2535263308,38.2998652299,38.8881713797,40.9480708258,36.1711315222,39.3912870679,41.0788100727,37.8574768436,37.1478402962,1AUG ,1
E,E,E,E,E,E,E,E,16.0,E,A,0.340807174888,16,E,A,0.340807174888,E,-0.4885,E,0.5118,GLU,16,1.25189982822,1.21433383372,GLU,16.0,0.755279569882,0.763542496168,0,1AUG,E,16,E,39.9723901944,35.1872636179,35.236265736,30.4796831714,27.0485864172,23.974185418,21.1024839925,18.3222071526,15.5049501269,12.7545332972,11.1538364635,7.46807671751,7.87128638847,6.85201519535,5.5748906445,0.0,6.09521101814,6.24409132107,7.30377001911,7.65999646423,10.3950653686,13.4449546008,10.7494000291,13.4843937607,15.9055149422,14.5130745118,15.9528161089,20.6396568413,22.2626263391,24.7190458657,25.2666406503,29.9561024694,29.3936255429,32.8311234151,34.681094445,30.5864630076,30.3101364831,25.3956094211,25.3784444643,20.4846806433,21.1174502427,14.1918715652,16.3948676477,15.9886469361,10.9213145306,15.8411140293,18.1089693773,22.4400857344,19.0016319546,18.2060620475,22.6135163515,23.2863459964,20.4000239657,22.4748310597,26.8255823785,27.0171906314,23.9034169767,27.4333939807,31.5550518644,26.229456617,26.3895093905,33.1258199995,28.4302155868,32.8334469983,29.1066179425,25.6121609919,22.832861578,20.1652967746,16.0874316063,14.7027666133,8.35631282734,12.9493856675,10.5634123608,12.1405090151,17.3511305182,19.3423421693,22.0571569267,19.100559006,19.069256745,23.0802807002,20.7840745724,30.3639274248,26.9591474585,25.7431561346,25.5782821148,29.4527637494,25.2843498551,23.0216860067,22.9723440353,19.1644276048,14.222253427,13.5962892459,15.1825998849,15.633063348,10.5952773085,17.0764724306,15.2842802073,19.2083378311,18.9109398075,21.1668541245,24.1548701966,24.7395694162,25.5388274348,30.2671943685,25.2510587105,30.4689843045,31.1854103836,33.9740709167,32.9983110747,33.4067482894,32.9669444084,30.8220952275,30.549758338,32.3375292489,27.099821642,28.1013247858,26.7555764605,30.855627959,27.6157344446,32.9459437683,35.1405893828,26.9255340383,26.88949661,31.3115846152,31.0581701386,24.4966960321,28.6209588835,33.3269232609,28.6488299673,28.1000950874,22.5763750578,22.0845350895,23.9388325736,23.6810021751,26.7397933956,22.0529601499,27.9971620145,22.3568766237,20.6567843851,20.0786426284,20.1876819975,14.1871883597,14.8584971133,14.3624037988,21.1029267709,20.6003216321,18.7410668513,22.5620581525,27.2124397711,23.579847479,24.2683068315,27.1123673718,29.6643187546,29.0144327003,29.7978332436,33.402495143,33.1549169951,34.133744986,32.4528653484,37.0403060686,35.3525952116,31.2317892041,32.573782215,28.9282093126,24.4582927264,18.6186224549,19.8931519852,15.9232268585,13.4562043958,14.5489352657,8.66809971101,9.34902738676,13.2105674499,10.4575669466,5.68876619667,11.1866983065,11.0449254767,9.44116304066,8.25717577493,15.8342517424,13.1049898504,16.1197412023,14.2134721167,16.5786943175,17.1144575195,13.1406488076,18.4447665806,20.4604870302,15.0327923472,17.7676333312,24.5119207053,20.4494619629,18.5069326394,25.574468909,25.6538090177,23.6766553853,24.7477178732,28.7515320314,29.552514952,28.4568895751,30.5210809226,34.0728287668,35.0434250809,36.4960168567,38.1239587183,33.3636674998,36.0328472317,37.8238311382,34.3981338835,33.8224688394,1AUG ,1
T,T,T,T,T,T,T,T,17.0,T,A,0.761627906977,17,T,A,0.761627906977,T,1.881,T,2.578,THR,17,0.987958348373,1.09233917144,THR,17.0,0.579475772868,0.693846914255,0,1AUG,T,17,T,40.5830334732,34.9848564687,36.1531861412,30.0763052332,27.7427218505,24.512829016,21.8989644116,19.6741727387,16.2045509516,15.2853612714,11.4462753602,6.52595570365,11.7004607366,9.52843675581,7.58298750851,6.09521101814,0.0,4.43758499208,9.56330890854,10.2697631794,12.8480579989,12.4651478874,9.61920084832,14.375008582,16.5245571584,12.2722771446,14.7420380174,20.6011799221,20.812868273,23.614645734,24.4611305999,29.1463855235,29.4868917662,32.8959549514,35.3496724621,31.0319135267,29.9054876999,25.3533883327,24.806439996,19.9330056718,20.3282807726,13.0796862533,17.3866766835,16.4420490225,13.3963871585,17.410277267,21.4589093544,24.946250708,19.2463523492,20.1686547567,24.7405263874,24.2119411214,20.6371619518,23.8333961576,28.2075922219,26.6512391843,23.935478,28.2220023077,31.7949460797,24.8673973038,25.6197195425,32.9807198106,28.9563174216,33.5161365129,30.5210827176,27.1347106922,24.8319785729,22.5239626935,18.4791029465,18.138201015,12.7877254653,17.9865699208,16.1854525737,17.6625297494,22.6368782695,24.4299023478,26.7213629568,22.6374853043,23.6411770937,26.8983301657,25.2579648082,34.760078832,31.5760065564,29.8559615784,30.2868413455,33.4151578575,29.9053345248,26.7391134521,27.8635616832,23.5693677753,19.6654748032,18.3914360078,18.6885281916,18.3406528578,12.1596661194,17.7994050241,17.3290814885,21.3517944361,22.8944618945,24.7841917955,28.4562665271,29.2986975311,29.1110474281,34.1321503963,28.8442497584,33.6310295124,34.2484844962,37.5793799185,36.4971337043,37.1096879004,37.3161327237,35.1564594141,34.0112528524,36.5996042205,30.7417063645,31.2380009153,29.6062970206,33.6413323543,31.3575253559,37.0654381585,37.9512235771,29.8871524234,30.650804513,34.8887898498,33.5948850061,27.4061576465,32.4128619192,36.0982472201,30.5153199912,30.7507987245,25.3227985228,25.8121551722,27.7744683348,28.1335888279,31.232238034,27.019585636,32.9838902031,27.7168071689,25.4905403296,25.3279007667,25.320146441,18.7857026017,18.4490765419,18.6170563142,25.5328798311,23.8147093789,21.3829077816,26.3257778649,30.8730501344,26.7422764572,26.730954917,30.2152751095,32.51205415,30.8554333942,32.0711899858,36.2174953544,35.431261856,35.7738007029,33.6933536536,38.9413792806,36.5825736981,32.7420336319,34.5740238003,31.4391329694,27.024782937,22.1944292977,23.0903651925,20.5488619319,16.9912663071,18.8096436067,14.2112319892,11.8850613658,15.5980004736,11.5074647679,10.0065937522,15.2042946145,13.2533762506,12.1458455184,13.3424446023,20.5068422964,18.1131803585,21.1926734782,18.0251686881,20.044074062,18.9676709578,13.8779844012,18.7331189999,22.4099841359,17.4371925805,18.4611595795,25.7877137997,22.624587329,20.4168187418,26.2976176946,27.4698967093,25.8155623536,26.1476849975,29.8683004299,31.6774418564,30.4629403805,31.8471906992,35.574604711,37.227333349,38.6612045541,40.7749697509,36.7528038196,39.4093368327,41.5155214819,38.42611635,38.2494973636,1AUG ,1
V,V,V,V,V,V,V,V,18.0,V,A,0.373563218391,18,V,A,0.373563218391,V,-0.06593,V,0.8803,VAL,18,1.1994649833,1.25624050247,VAL,18.0,0.761919694239,0.836112803483,0,1AUG,V,18,V,36.5925439282,31.3131684655,32.3203369407,26.8205286815,23.892295454,21.3060132586,18.0459430977,16.5775757175,13.1858864768,13.0855088895,10.7354432267,6.16913455848,11.7926625482,10.8426631675,9.76686776599,6.24409132107,4.43758499208,0.0,6.93102343026,6.41717447684,9.37649904384,9.40619283905,5.49072445542,10.0164718201,12.5815296526,8.91340323156,10.6576685733,16.3968977491,17.4928580947,20.029275647,20.5334136066,25.2072923695,25.2181685975,28.6696761486,31.1819444902,26.9100888307,26.1853347131,21.3857129617,21.4601620514,16.4164587549,17.7993983783,11.3048763039,15.3117553999,15.6697381743,12.5240896156,17.3430146559,21.0553290302,24.7704756733,19.3094911495,19.0885357281,23.3129773325,23.2389095906,19.3685775959,21.6177020017,26.7504415672,25.2329982028,21.7610168062,25.7410533935,29.7151319966,22.8014546616,22.8985392701,30.4012018987,25.8544572322,29.9988586565,26.7736404228,23.9180718754,21.030786989,19.3804221135,14.7829835974,14.7528605082,9.75047724122,15.1327352107,14.04234752,15.3722119655,19.842482626,21.5945433989,23.278052107,18.6247970288,20.1960759261,23.0953821863,22.1560459924,31.3644353227,28.831856239,27.3009424324,28.287058667,31.8859852757,28.762450546,25.9961846937,27.3667259928,23.5206909653,19.0408115249,18.978870645,19.98891281,18.79491802,12.7961766803,18.7940137589,18.691552345,22.0451387446,23.7853048765,24.830844188,28.7123329897,28.9929159587,28.853982925,33.2366365304,27.5114292758,32.1935351241,33.4686011351,36.3840329883,35.0537417789,35.011554068,35.383503739,32.9182771828,31.6324503028,33.6440647121,27.393850803,27.9071697817,25.9024002775,29.6598234214,27.6413690742,33.3032581904,33.7488841749,25.7820655119,26.6708920693,30.7836429865,29.2491755695,23.1497844043,28.4209351459,31.7857692722,26.1418803051,26.5403115772,21.1348929573,22.0164538785,23.8291017332,24.4896012638,27.6840976434,23.9570361564,29.8944663277,25.4425434504,23.0502490941,23.2352934468,24.1203890225,18.0514113118,17.4400225188,16.6037863659,23.6549484932,22.614493271,19.2143452356,23.5416657101,28.9186759804,24.7614298034,23.9990373766,27.4008454685,30.4764326534,28.787315267,29.2163988039,33.6079209398,33.5552304664,33.7342706084,31.1816167984,36.0876497329,33.5066557143,29.6342187615,30.7784183211,28.0699805933,23.6420329465,19.1461566391,19.273359848,17.6511548897,13.188063132,15.2847085887,12.2553359884,8.3090211905,12.643449709,8.75016364357,7.63117257931,13.4852315478,12.5886669716,13.1037729335,13.1351204203,19.7267038663,16.5122427883,18.8024666127,15.1214746458,16.2979980573,15.0914121931,9.61183749356,14.7088683045,18.3687445314,13.1969362363,14.043859889,21.4324442889,18.2573732883,16.1146683593,21.8949467649,23.0514369744,21.5327276303,21.9265210131,25.5454692682,27.3671854728,26.3493069683,27.7269818721,31.3197380853,32.9764158085,34.7014697522,36.6921059904,32.8356120098,35.3135414349,37.5174003203,34.5199243004,34.5412169859,1AUG ,1
N,N,N,N,N,N,N,N,19.0,N,A,0.0820512820513,19,N,A,0.0820512820513,N,-1.061,N,0.01278,ASN,19,1.52921101263,1.50270705837,ASN,19.0,1.09179317029,1.05925092639,0,1AUG,N,19,N,33.1564991939,28.2427959501,28.2015530823,23.3759519381,20.0749811617,16.6868588169,14.1702543387,11.0377314328,8.25807042763,6.30842626983,6.5389206678,5.34061466742,7.49631370439,8.62646284389,9.48979286196,7.30377001911,9.56330890854,6.93102343026,0.0,5.29376549542,3.82184728271,7.37900672924,7.18514494679,8.41914255944,9.30071223569,10.1748983174,12.4617485904,14.8913539543,16.0416352866,18.4032961612,19.3318650261,24.0153732407,23.795915091,26.9996761563,28.2292091453,24.1152304283,23.5542995043,18.8733864923,18.4465709974,13.7783503948,14.296443187,8.35924420967,9.62104471463,10.7568246278,6.63611554838,12.1311336416,14.9543251424,18.8643683641,14.8499287366,12.9162771125,16.8956230539,17.6739530447,14.351327844,15.6421872309,20.7419775267,20.6986756958,16.9922047851,20.3349679333,24.6653079829,19.6715255394,19.4114696964,25.9774576847,21.1316735227,25.5980406315,22.0437013638,18.3917599079,15.9938875667,13.2159290213,9.4209853295,8.79677503782,5.83513000351,10.2790733991,9.76048510415,12.8370219067,14.9049354015,19.2123565617,20.0337055917,15.3536991665,15.5123304326,18.1597839058,16.1145777074,25.594521635,22.3581431705,20.5173478528,21.5615846891,25.011594946,22.199282576,19.5178234471,21.429959359,17.9012617326,13.8708270414,14.8681059806,16.1838954331,13.7452159138,8.92368502793,14.8776682794,14.8833281033,17.1403434152,19.2328874177,19.0443746117,23.2250916758,23.0102193378,22.6853566961,26.5977234941,20.7122976491,25.4066704061,26.945070968,29.5998398643,28.2079372835,28.0929295659,28.5014239375,26.069524977,24.7804530721,27.1541163228,21.2227973391,21.7245008283,20.3291173495,24.6947381954,22.2003062414,28.2443985849,29.5251781624,21.318939412,22.4593969907,27.1271192893,26.0916603818,20.0703485176,25.3266005498,29.2396339386,24.8405132392,25.0601832487,19.5690496016,20.1550071121,20.6269472974,20.4015932914,22.628614326,18.4951607915,24.2952214143,19.4406937185,16.6028440695,17.0494824719,17.9242571852,12.0914511662,10.9809104995,9.84505495107,16.8542480852,15.9422201526,12.4704330834,16.835446088,21.9915835513,17.8933931102,17.5358490697,20.780642711,23.7139730937,22.4892890187,22.9507741194,27.0018283124,27.0245717307,27.5687693753,25.4238426902,30.0642706696,28.116858209,24.0404791248,25.7115392808,22.1213129357,17.6710842998,12.6461039725,14.0792451056,11.6584755832,9.01281662199,12.62316301,10.5448295442,9.47557960954,14.7398563216,12.5614758928,8.07352034181,14.8160218693,16.2101724413,16.226240117,13.7407858523,20.3563728982,16.3164535705,17.434655907,15.3566242285,15.1533863163,16.0852290667,11.0146461673,16.6480550014,18.6637580279,11.8128544932,13.79443898,20.9885360479,16.1971477144,12.9645282137,20.4665613656,20.713944212,17.960786857,18.4503401666,22.766210481,23.8054367439,22.0398661756,23.9155803968,27.8030962771,29.0249113256,29.8664551594,31.9882898707,27.7185785432,30.8504985006,32.8482474941,30.0216344181,29.8699706437,1AUG ,1
P,P,P,P,P,P,P,P,20.0,P,A,0.0062893081761,20,P,A,0.0062893081761,P,-1.058,P,0.01561,PRO,20,1.62093066784,1.61180407775,PRO,20.0,1.10313813947,1.12714528333,0,1AUG,P,20,P,33.0210363847,28.7814002132,28.6618242856,24.9263234837,20.5089040558,18.7927116196,14.6945040297,13.6441989485,11.2035683623,10.5195182335,11.7238362316,9.2220691498,11.3990017771,12.2703372599,12.266779698,7.65999646423,10.2697631794,6.41717447684,5.29376549542,0.0,5.20617586692,9.60468042757,6.18684640929,6.25918538252,9.57751949848,10.2551309475,9.92843733689,13.5937700067,16.88675207,18.7111869586,18.600549783,23.1160918742,21.9856661354,25.4501751359,27.4344182075,23.4460401739,23.8839877584,18.6364663127,19.8005150662,14.8394636455,17.2749810136,12.3665471788,13.926091759,15.8973267794,11.6749847676,17.3271004691,19.3584134245,23.651307774,20.1154806952,17.7296294708,21.283329772,22.5066784277,19.0546677352,19.4285175841,25.1209657611,24.9823951438,20.665636606,23.6120572702,28.2969519683,22.8801120034,21.9238023437,28.8230270709,23.3333238524,26.868184619,22.8133542899,20.4689566121,16.5238750127,15.3795663164,10.0716633416,9.4579090799,4.17436920711,9.3017520147,9.12091225347,10.2645594199,13.8883701686,15.8590093767,16.9842469495,12.3709497812,13.8506191825,16.9492348749,16.3796286928,25.3245403419,23.3842489547,22.4654622752,23.6549561228,28.2313777459,25.148138496,23.4854285432,24.3333621186,21.4272164832,15.9963360568,17.6816256022,19.947860158,18.4748554796,13.8473500005,20.067394121,19.537585177,22.0664772543,22.8683649435,23.2366386551,26.7683464313,26.3088531962,26.8356800592,30.2776874332,24.4144791418,29.1850582167,31.154208745,33.2433230403,31.7574136461,30.8990725771,30.9831503767,28.2232316896,27.4354089438,28.204290423,21.9896526224,22.9350913892,20.7395572965,24.2555316261,21.7219714735,27.0848091122,28.1224162968,20.0580951157,20.4308749632,24.6280814904,23.6949531363,17.2888386696,22.2187486453,26.1221989639,21.2078736727,21.1043698662,15.5588125666,16.0877164115,17.5600111971,18.0733311979,21.3711815352,17.8595958508,23.7681118569,20.0709005092,17.8734372873,18.2130992633,20.2599946069,15.4361759779,15.1752960799,12.6599955173,19.4643577447,20.0848860081,16.1651811521,18.7411165764,25.0733207035,21.3409864655,20.2988701769,23.0455799046,27.1122359263,26.173706656,25.4549584913,29.6352464571,30.7237369695,31.2137646958,28.5531473679,32.5520743131,30.3101368484,26.2227743132,26.2410056661,23.5710231877,19.1083836207,14.2068952108,13.6000759195,12.0558273786,6.95421347929,9.03072494642,8.05728965078,4.26285150801,9.56703563821,7.86233623572,4.69186711741,10.7473151591,12.4721892961,14.0888771653,11.7528536268,17.1582868183,12.8902811007,13.8204165917,10.5838043733,10.5999432277,10.973604567,6.46521597227,12.0606128199,13.8465772864,7.64276569376,10.3309524314,17.0988134334,12.90288172,11.0489143941,17.976063704,18.037238624,16.3186897986,17.5014972234,21.2757825884,22.1833633031,21.471539296,23.4539521833,26.7516070385,27.8238197708,29.8546965386,31.3264329905,27.0203116998,29.3466565114,31.4168570054,28.2383658447,28.1685974101,1AUG ,1
S,S,S,S,S,S,S,S,21.0,S,A,0.0,21,S,A,0.0,S,-0.8761,S,0.1739,SER,21,1.67953049725,1.75730130986,SER,21.0,1.22772970084,1.30669968855,0,1AUG,S,21,S,29.7980104317,25.3587999272,24.9064743677,20.9793009111,16.8703604553,14.2251028289,11.0146675017,8.64312015626,6.57473537628,5.84047002063,8.91077769672,8.82321817908,10.2782216869,12.1062517336,13.1720032716,10.3950653686,12.8480579989,9.37649904384,3.82184728271,5.20617586692,0.0,7.19688486474,7.44012399543,5.9349478869,6.47605627488,10.0468267968,11.2458619478,12.0612406964,14.331599137,16.18370878,16.7584463516,21.2817721411,20.6140265536,23.7642155508,24.7742028551,20.7815741623,20.7704035796,15.9004631777,16.1719335591,11.621150204,13.1862492094,9.2449380496,9.09189157298,11.9156635959,8.4875426099,13.7803435704,15.7923115527,19.6702463217,16.3728205338,13.1974284596,16.3675275099,17.7698227272,14.462728087,14.2597793214,20.0602902481,20.2885985299,15.8610933578,18.5503536674,23.3058388095,18.8280296615,17.7647789421,24.1299515963,18.6870183916,22.6457714084,18.7218644472,15.6229086435,12.4652114178,10.4052063933,5.78008500862,5.51420689064,5.14153711866,8.51051440573,9.35526460296,12.2212786822,12.8712075913,17.5047180864,17.3879526357,12.0477588266,12.5793191417,14.6185307561,13.3100179014,22.423417629,19.8964436035,18.2825671363,20.0153918657,23.9364390243,21.6722484022,19.594902635,21.6990887227,18.8847017535,14.622969492,16.8037908594,18.6324733361,15.6862519217,11.8751755614,17.2442925648,17.5294356508,18.9857859188,21.0764673119,20.0507059521,24.2096164013,23.4079839377,23.1551241072,26.2077695514,20.0202627403,24.4557677602,26.696625594,28.8084738919,27.1720136431,26.306200728,26.8877145965,24.1387956615,22.7185107413,24.4034470018,18.0418392492,18.5812664029,16.8070626357,20.9779569334,18.6825243724,24.7669090191,25.7156576618,17.5251671928,18.8834996069,23.5263297866,22.3333648678,16.4470013728,21.9833587933,25.6374843351,21.4978827,21.8424329708,16.4712349745,17.4231792585,17.3562999498,17.2918978954,19.4068231986,15.8546384147,21.5323399401,17.7119172507,14.6628725096,15.6144586583,17.5655414949,12.8635224968,11.5235950737,8.97691901349,15.6235661966,15.6946600985,11.1410739282,14.3574474587,20.4869690147,16.5043189316,15.2211913563,18.2541579472,22.1171583099,20.9770602636,20.444855837,24.6922164352,25.5957412147,26.0086014535,23.4235230813,27.5589114021,25.4824890465,21.3525290685,22.2413964453,18.9973192148,14.510559961,9.85007831904,10.3898888602,9.30750103701,5.82167269258,10.3830911897,10.8469838834,9.16032390328,14.2728433717,12.9954956119,9.11865245605,15.2369484643,17.4936473699,18.4299702158,15.3682046963,20.9719481482,16.4532073413,16.5172864163,14.431068211,12.9313854987,14.2893689193,9.67593835975,14.9364944087,16.2991031918,9.12594864912,11.1911512147,17.9817316068,12.8140297465,9.3158227583,17.1711779853,17.1105755701,14.1746403537,14.8104369047,19.175485863,20.0055719222,18.3093098862,20.3247665572,24.1067616789,25.2269210562,26.2496289056,28.2442372685,24.0547771753,27.1122892224,29.1858153348,26.4833124948,26.5241876558,1AUG ,1
W,W,W,W,W,W,W,W,22.0,W,A,0.171929824561,22,W,A,0.171929824561,W,0.2794,W,1.181,TRP,22,1.31732143085,1.62834075044,TRP,22.0,0.973379809201,1.23903393826,0,1AUG,W,22,W,28.6441888473,22.7164177516,24.0728848703,17.6308781211,15.7619043343,12.3566830492,10.2549810594,8.81163394896,5.21545056646,9.11307995668,8.10130403157,8.012653053,13.8381256317,14.4010383072,15.0606599602,13.4449546008,12.4651478874,9.40619283905,7.37900672924,9.60468042757,7.19688486474,0.0,5.68690934855,7.36915439146,5.82852178007,4.77304026559,9.23709113201,10.5003061654,9.11962723285,11.9474405144,13.600642358,18.3082407433,19.4623854095,22.4172631295,23.9953604559,19.6284522223,17.8160244623,13.7275378443,12.3968461825,7.6607021257,8.49231344283,4.38174599163,8.39525993689,10.6540807959,10.9108908119,14.4875599184,18.9054818273,21.4201121628,15.0224291979,14.2553192257,17.4372992295,16.8609779792,12.3311247111,13.9378909965,19.7005963639,17.0344785891,12.9697356538,17.0344130563,20.8835621815,13.7296630246,13.4963031343,21.0787608644,16.7821215215,21.2084524961,18.7856520146,15.7032412772,14.1299728072,12.6657750253,9.57089984628,11.4227873237,11.8105450127,15.6974549985,16.3481180823,19.028237953,19.9321644865,24.209550461,23.7462465821,17.3754810357,19.055212093,19.7508077212,19.2402106357,27.5804404644,25.2446551237,22.8004832406,25.2339593342,27.679242828,26.4878704419,23.0951978716,26.8130797871,23.3202217939,20.4926510862,21.5129090932,21.9302915317,17.9808269839,13.0323196844,17.1053176838,19.1782418218,20.4888089032,24.9389818433,23.4054271802,28.4469747931,28.0097806752,26.3466910923,29.712362107,23.3301121507,26.8909216864,28.967452779,31.8265474037,30.0593205084,29.5864869932,31.1891515559,28.5880397549,25.7873993578,28.9455468348,22.0907353576,21.6313929209,19.693320617,23.6947284767,23.1425555636,29.6003245414,28.5464023975,21.0099994538,23.7488918167,27.9819430242,25.2176527639,20.3786228113,26.9969847692,29.0231011973,23.9042039101,25.5069771442,20.5164124611,22.7687003731,22.6717229082,23.3103657376,25.1247150572,22.3357132124,27.6333197172,24.2165317359,20.6587228032,21.992145343,23.2910172221,17.836662454,15.3219864488,14.505340174,20.6502037236,18.6339422333,13.5992246357,18.7123274299,23.942184644,19.3655001214,17.0275122961,21.0559567316,24.1251150485,21.2960100168,21.6195214949,26.6030359013,26.528614244,25.8733710728,22.6525384286,27.8760256727,24.7569287332,21.1873032121,23.2798223554,20.8649389131,16.8333394196,14.6545707888,14.9197681629,15.9436622563,12.1173171703,16.7153132895,17.092876101,13.1686000063,18.1661126857,15.5503503548,13.8447522281,20.2507722782,20.984553998,21.9419007791,20.4140033668,26.6401070459,22.4278078634,23.0016021645,19.7697163007,18.1881833307,17.5727050638,11.4980030425,16.0337591426,19.5298416843,13.2586218834,12.2185449186,19.7753825566,16.0210516728,12.0203339531,17.4215096893,19.2081070787,16.639306195,15.6249546898,19.5246065466,22.0539101772,19.8766792982,20.5826973477,24.770292734,27.0095448686,27.5831119216,30.4950577015,27.6665201116,30.8032632193,33.2584113194,31.2701515138,31.8710958561,1AUG ,1
E,E,E,E,E,E,E,E,23.0,E,A,0.134529147982,23,E,A,0.134529147982,E,-0.7316,E,0.2998,GLU,23,1.30760888686,1.4528726055,GLU,23.0,0.8995846602,1.04593407679,0,1AUG,E,23,E,31.3019007532,26.0235671564,27.2716414796,21.9077777728,18.8380391942,16.9561414124,13.1830707058,13.073257525,9.80024851905,11.9787482312,11.0971077152,8.30893849991,14.2999052188,14.3699239362,14.1382424571,10.7494000291,9.61920084832,5.49072445542,7.18514494679,6.18684640929,7.44012399543,5.68690934855,0.0,5.53357961849,7.82917327623,4.26175257065,5.90114500239,10.9994868022,12.4018338693,14.6984673559,15.0460246753,19.7241036628,19.881532652,23.2791376791,25.8695064024,21.5633437114,20.8386045371,16.0025494264,16.4858785281,11.3848387842,13.9704019871,9.34716099083,13.2119599198,15.0955896006,13.2175748021,17.9657419729,21.7505498051,25.1288259026,19.3719195906,18.4111809953,21.9571389025,21.9350806443,17.6379711156,18.9506722047,24.8364884981,22.7028157195,18.5362196809,22.2693240581,26.4029264493,19.1516361063,18.5839168839,26.3016122104,21.4901935814,25.1657633227,22.0950525733,19.9431338836,16.7883840012,16.1868258906,11.3647513053,12.4816601066,9.92847892538,14.7610056271,14.9770483282,16.4338249169,19.2650917197,21.5176505938,21.8780640528,15.9354456717,18.4470389374,20.14332605,20.2934767647,28.8068297631,27.0932569998,25.4632024231,27.4385491934,31.0055988672,28.8573508768,26.1782969177,28.4875537606,25.0706091539,20.7965633187,21.7997142681,22.9542688959,20.4238245538,14.8660647103,20.2740239358,21.1605149845,23.4995437007,26.2907347404,26.0127658155,30.3882222661,30.0887478407,29.4588975166,33.048861806,26.8206904013,30.9756796883,32.9931392792,35.5952499104,33.9304815754,33.2094470971,34.1592411862,31.3953714087,29.4492069192,31.2856923178,24.4073338359,24.5847433301,22.1080783636,25.5244055868,24.438464273,30.2748264824,29.5077198929,21.8505322485,23.5442192536,27.4531509462,25.0434636193,19.5090177563,25.6331542711,27.9857910149,22.1364496329,23.2834307814,18.1003903567,20.0832532409,21.2294985181,22.3828379846,25.3143699543,22.5113350043,28.1745244258,24.9390424566,22.0583819376,22.9287758962,24.6818537348,19.2265798223,17.8060810598,16.2155850026,22.9758878557,22.1367481528,17.4426324771,21.3925697757,27.4452820734,23.1536829728,21.1123674532,24.6392151694,28.4040395087,26.2241416763,25.8908141597,30.7432074082,31.3033959569,30.9732735475,27.716901757,32.4272831686,29.3276731271,25.6211128386,26.2858790233,24.3284222309,20.0682288212,16.8653485735,15.973755824,16.4721956039,11.0316267291,14.2191646049,14.1485121529,8.55171890099,13.1461018877,10.1086991427,10.0217126325,15.7820328644,15.9554920858,17.7046762976,16.8712018725,22.5933702508,18.6388298305,19.6695100808,15.5436815122,14.8417241338,13.2215887324,6.86716001706,11.7265173385,15.8093643301,10.3620783969,9.64236893611,17.4132901548,14.4056413006,11.8144582543,16.89298627,18.5792992976,17.1134071785,17.0140034374,20.4477481333,22.78352456,21.723353248,22.7144601991,26.3147381776,28.3180525311,30.1188504998,32.3049390957,29.102859367,31.5098069301,33.9573521019,31.4050727455,31.8830039013,1AUG ,1
A,A,A,A,A,A,A,A,24.0,A,A,0.0,24,A,A,0.0,A,-0.682,A,0.3431,ALA,24,1.55596952332,1.59365229758,ALA,24.0,1.1127826094,1.16773619175,0,1AUG,A,24,A,27.1883313976,22.8562138655,23.1791101617,19.5416141062,14.9364604749,14.3424303799,9.37152900571,10.6533154176,8.64038674544,11.2233554737,13.2629121127,12.0423781942,15.7547247091,16.9451514565,17.3305233733,13.4843937607,14.375008582,10.0164718201,8.41914255944,6.25918538252,5.9349478869,7.36915439146,5.53357961849,0.0,4.54067265869,7.36302920687,5.94400573594,7.33498961749,11.5484767603,12.8367380125,12.3975367779,16.868324176,15.9208693242,19.348366112,21.5235662167,17.4223004921,17.8680644125,12.529775904,14.4100224364,9.56034261058,13.622554422,11.3981179091,12.8195944543,16.2501224096,14.0884798742,19.0670638928,21.5817041427,25.1560943152,20.8700351094,18.2037103805,20.8841614719,21.8695058478,17.9421593205,17.3543522413,23.8035614024,22.6339973622,17.6688775499,20.3062537854,25.0297495259,19.139983557,17.4064977469,24.5045513273,18.7974886239,21.6659735538,17.8791082746,16.601297002,12.2478584123,12.8472088207,7.3073305278,8.87504168365,8.63197620588,11.9349617183,13.3994917099,14.6125345604,15.8021282263,18.283599221,17.5109023249,10.903090496,13.9992884041,14.9797016648,16.1557445643,23.9103699305,23.108320761,21.9399998528,24.4660526456,28.670416044,26.9493331294,25.1474247544,27.3351253329,24.7715270206,20.1354101193,22.4392313093,24.3507976107,21.4488052424,17.0521719726,22.3200830189,23.0662962577,24.6180542267,26.9611819895,25.914934367,30.086205158,29.1260777043,28.823813747,31.4290691992,25.0534680726,29.0038087365,31.7528804091,33.6045668325,31.7308914471,30.1444085514,31.0863183604,28.0174934428,26.2090911283,26.9579945866,19.8464293296,20.2094671923,17.2878205493,20.2994963121,19.3033902695,24.9667596527,24.0473431435,16.400093387,18.1531446854,22.0011064009,19.5883341046,14.0612029164,20.4392398186,22.6716237092,17.2845714084,18.430574092,13.2998453765,15.6924699194,16.1429941779,17.4947756599,20.3217747175,18.2883238756,23.6435037241,21.6532294812,18.7882438746,20.0620713406,22.9010953809,18.7262506994,17.342495932,14.4467676068,20.5320943902,20.9966490943,15.5991270994,17.8350262822,24.8048635931,20.8839711765,18.0893116903,21.0728779941,25.8810277291,24.1442545617,22.5429349022,27.3821063392,29.0927930008,28.8291572758,25.2507946395,29.0848283275,26.0656755762,22.2595973702,21.6675898369,20.1432043841,15.9575176342,13.26957273,11.003791904,13.1043278073,6.9343301587,10.647465125,13.474232494,8.23148649496,12.4782868965,11.3251314743,10.7694690861,15.7315864891,17.5156292913,19.9962367115,17.8578961243,22.3883885764,17.8401897701,17.4902124244,13.7481466969,11.2369064215,10.5937872307,5.42674531526,9.76508639243,12.2520666246,6.02660553839,5.57056589999,13.065014338,9.15355544926,6.30996434734,12.3417473483,13.3169843916,11.6722616207,12.041311466,15.6024586252,17.4216147236,16.631223255,17.9934211118,21.3626224881,23.0440190429,25.2004908656,27.0364129843,23.7647613623,26.001086816,28.4722391513,25.9858653146,26.6245283606,1AUG ,1
V,V,V,V,V,V,V,V,25.0,V,A,0.0,25,V,A,0.0,V,-0.6383,V,0.3813,VAL,25,1.55399268437,1.60754863343,VAL,25.0,1.1739599897,1.23581466971,0,1AUG,V,25,V,24.2387387669,19.35793825,19.7576805778,15.3831712237,11.361076161,9.85499296038,5.47886783898,6.68145546246,5.12240034278,9.59596975656,12.1159429734,12.5291584692,16.1797904631,17.6921466537,18.6231844659,15.9055149422,16.5245571584,12.5815296526,9.30071223569,9.57751949848,6.47605627488,5.82852178007,7.82917327623,4.54067265869,0.0,7.68950697339,8.50365398725,6.14687236687,8.41354064352,9.80433323611,10.3693637524,14.9031353349,14.8658450663,17.8817628985,19.1661986444,14.9315886464,14.517188431,9.59420682799,10.3189662998,5.62259798824,9.46907887141,9.23331578239,9.63736628147,13.7876960722,13.1863735635,17.2415419036,20.0297466266,22.9000312904,18.3922697828,15.5795405445,17.6774708322,18.4189411733,14.4495844658,13.402501352,19.9983694098,18.4914230641,13.33949105,15.8842418272,20.5522976819,14.9817633794,13.0257426553,19.9801749412,14.3605697568,17.6719217087,14.2944768784,12.4825923574,9.11892535519,9.51059528988,5.32983842983,8.21403962868,10.9510550808,13.3752181899,15.2163204757,17.4028945485,16.8744033547,21.0569474224,19.495683379,12.5822710472,14.8988768733,14.6271770344,15.4453700729,22.8412443866,21.6990559212,19.8384130773,22.9719471525,26.2975614323,25.518581282,23.2437850109,26.605837776,24.0781448798,20.5822518507,22.9525957016,24.3342961228,20.3645813465,16.551161069,20.7781738872,22.3756898503,23.0768747971,26.6529168804,24.5468859327,29.2256366149,28.0807936182,26.9544429442,29.201167527,22.6402282669,26.0027082779,28.975921828,30.9153793172,28.8918205553,27.310916329,28.8902732294,25.8791304662,23.2370671146,24.9890644043,17.6907138998,17.4048166825,14.7494199854,18.2531668269,18.0052036298,24.276065126,22.8030211262,15.3236573328,18.2919609638,22.3433373191,19.4095242992,14.8034488076,21.6729419726,23.3472564462,18.6533436479,20.3584253639,15.6688637431,18.3711111195,17.5994826411,18.5316334535,20.239175435,18.4293944505,23.355021118,21.4528347571,17.9562911416,19.7366572761,22.3351412226,18.3213480185,16.0610397403,13.6004878011,19.0168679414,18.7041012274,12.745990588,15.6286312717,22.1594745745,18.022286201,14.5421612026,17.9565810939,22.5018173549,20.1926208359,18.7415132818,23.8591898549,25.3236996778,24.7009437129,20.9199337797,25.0516178959,21.8538317309,18.1249716979,18.4947563712,16.7776108274,12.7409064683,11.4294912058,9.89843448451,13.0848540297,8.65460917465,13.5032679982,16.4859762235,12.4678180908,16.9359137977,15.7054643856,14.2349739085,19.74739958,21.6690434052,23.5765640905,21.1265306486,26.0990465105,21.4354804391,20.8043031788,17.7796503949,14.7406954023,14.7447917735,9.90929515621,13.5864482758,15.7915067229,9.58796499939,8.42301012885,15.1019865496,10.8562311709,6.44632104496,12.3524522207,13.5929942209,10.8117154345,10.0105082172,14.1011765505,16.2720939197,14.3570806728,15.3834933447,19.3655783378,21.3692268576,22.474175409,25.0148453973,22.2185829441,25.0988956778,27.6341887638,25.7509874869,26.5912204986,1AUG ,1
K,K,K,K,K,K,K,K,26.0,K,A,0.402542372881,26,K,A,0.402542372881,K,-0.1613,K,0.7971,LYS,26,1.11458725078,1.36842576696,LYS,26.0,0.770876769902,1.03390227185,0,1AUG,K,26,K,29.3021824987,23.3808663192,25.5109061539,19.1434938713,17.202441895,15.3011715394,12.1226755781,12.7944160492,9.5517869092,13.5137389485,12.0871880375,10.2499925551,17.1112482857,17.1053809668,17.0415041776,14.5130745118,12.2722771446,8.91340323156,10.1748983174,10.2551309475,10.0468267968,4.77304026559,4.26175257065,7.36302920687,7.68950697339,0.0,5.72983565604,9.68872753037,8.98839337317,11.5869424146,12.4656768978,17.0868813028,18.3081302465,21.4598906908,24.1896807132,19.7943054552,18.1634788151,13.9228163538,13.7322656608,8.94685013639,11.573771733,8.48709010968,13.1383477976,15.1735569082,15.0699818159,18.9216539851,23.4174929562,26.095033357,19.3250956372,19.0103376304,22.1806845837,21.455027901,16.795194364,18.3596122304,24.2463053245,20.828934911,16.7851018748,20.7924058412,24.4623472084,16.1862573831,15.7709416109,23.8212916329,19.5822602808,23.2099419713,20.9469844284,19.0431577298,16.6433747225,16.4991584853,12.5161653307,14.5257894703,13.6582978491,18.0667251721,18.6645485497,20.3981436389,22.3806519739,25.1115637104,24.8227354052,18.2476929374,21.088281751,21.8067418835,22.3649141516,30.3443504541,28.8355214253,26.7966039295,29.33605461,32.2314373318,30.8637171799,27.7171162596,30.9811247731,27.4809869447,23.9621278428,24.8841722736,25.5040629492,22.1769419453,16.6664438219,21.1089212136,22.9585018504,24.8063008749,28.8181254131,27.852268956,32.6992501249,32.3419578376,30.9769856767,34.3808399735,27.9828367091,31.5648000726,33.7330751432,36.5080130987,34.6988335392,33.9452813881,35.4983858307,32.7348901536,30.0270249079,32.478474355,25.311833369,24.9588877967,22.3980660073,25.6694275801,25.5811178022,31.6467290257,29.7348908681,22.559565577,25.134893542,28.843887645,25.5526051804,20.8419487625,27.5701845309,28.9123151673,22.8604825767,24.7968116684,20.0280047746,22.7763714901,23.4211025312,24.8096676172,27.3081420299,25.0230456835,30.389832097,27.59413046,24.3128880645,25.5648216321,27.275039475,21.8158018582,19.7136590578,18.5044795625,24.8740847934,23.3213820653,18.1817639755,22.6257081621,28.4106885449,23.9170242507,21.1494318211,25.0229518291,28.5951658874,25.6428194284,25.4325169252,30.6313162196,30.9602563501,30.0438313763,26.3764255157,31.3978892214,27.7621918314,24.4244661023,25.5164885968,24.09976123,20.1774225711,18.3321486224,17.3103068552,19.0550414962,13.8282610178,17.5876861079,18.2892656783,12.5714442895,16.8202480688,13.8176747391,14.2769628711,19.9513857009,19.9044855208,21.674186242,21.0880750024,26.8276712233,22.8362622177,23.6107471007,19.3675984047,17.9922794123,15.9138757634,9.67602698732,13.2681431922,17.9621801087,12.9923921252,10.5957755849,18.1568494558,15.7845548861,12.7555869513,16.3366995008,18.9440051873,17.5035839212,16.4727249584,19.5773733553,22.7486712129,21.3545829792,21.6308735098,25.3940132033,27.9671843115,29.429798873,32.1065983043,29.7118222751,32.2164154628,34.8601388426,32.8187426008,33.648621601,1AUG ,1
R,R,R,R,R,R,R,R,27.0,R,A,0.474452554745,27,R,A,0.474452554745,R,1.61,R,2.342,ARG,27,1.1601414877,1.24732352195,ARG,27.0,0.754257138505,0.905103392471,0,1AUG,R,27,R,28.2931458234,23.4839417588,25.2097364076,20.7245671585,17.157535169,17.3516297033,12.5021096038,15.084965994,12.616990437,16.245031557,16.4588976552,14.1669725249,19.858918684,20.1852167695,19.9074517461,15.9528161089,14.7420380174,10.6576685733,12.4617485904,9.92843733689,11.2458619478,9.23709113201,5.90114500239,5.94400573594,8.50365398725,5.72983565604,0.0,7.73366646846,11.0519551997,12.2935071251,11.3544090087,15.5751731548,15.367833462,18.8580976274,22.4428157242,18.3066171229,18.2231427892,13.3095404762,15.4788150534,10.8722426282,15.5128990489,13.5398854176,16.890269831,19.7527365561,18.4561866965,23.1086020529,26.602926262,29.8744356353,24.1848285575,22.7578866106,25.6139872434,25.7428131266,21.3019310511,21.5718535124,27.9737145198,25.2650977039,20.582080427,23.7499127283,27.9263664016,20.2960468876,18.8506534218,26.6245868056,21.554626394,23.9617596477,21.0259338267,20.5675126796,16.5651057959,17.9383731537,12.8858300298,14.8015148708,13.5272810771,17.4625827684,18.5059059027,19.0229672591,21.3530501241,22.359047921,21.8505881468,15.3094541123,19.3631195615,20.02710939,21.9695683979,29.1595162471,28.9006456112,27.6875935481,30.3763533811,34.3221968358,32.7267797846,30.5329773324,32.9261114103,29.9988405482,25.3848705548,27.0608029012,28.5795196562,25.8321067195,20.581272779,25.7287810446,26.8731650422,28.8538598683,31.6801714457,30.9843818465,35.3398752658,34.6499365425,34.0741098204,36.9734055514,30.5358399394,34.2787407198,36.9289970984,39.0732565046,37.1606099981,35.6362040239,36.8579978208,33.7804312139,31.5955343691,32.4645452091,25.1316911314,25.2113848547,21.9369296345,24.2433957983,24.2374315357,29.5506171498,27.2270707419,20.4403898886,22.4153296906,25.4851932538,22.0979684918,17.3760737857,23.8541095858,24.7633032989,18.1197681696,20.0586684332,15.5953921143,18.7694628818,20.0242892469,22.185486978,25.3960068403,23.9168320266,29.1306193855,27.5300777914,24.7307756576,25.9658514571,28.6574347536,23.9973608464,22.5033107482,20.1296578476,26.3713398877,26.2543059612,20.7839797139,23.5337538353,30.3678748537,26.2564209847,23.0367468859,26.2891898102,30.97735727,28.5612392324,27.0782293915,32.2626306295,33.7690621466,32.970684962,28.9306526176,33.0508569116,29.3085473094,25.9411998594,25.1384692485,24.6622163598,20.8107766178,19.0512022691,16.3424981951,19.0135436523,12.5649185417,15.1241327614,17.4379527765,10.409472673,13.3614418268,11.2976851723,13.6707661003,17.8388166993,18.1503635129,21.2812246232,20.6289260503,24.9368051167,20.9012020682,21.1028269849,16.1763897003,14.3007094052,11.1312762664,5.77239107851,7.71347530052,12.8485897139,9.53582085343,5.94631563151,13.074043291,11.9167797637,10.4794893212,12.5637192452,15.2174970283,15.0673215722,14.7264348891,17.0402688181,20.089618016,19.8801005136,20.2761143108,23.2729617592,25.6510407184,28.379493285,30.314123337,27.9786443627,29.6363273275,32.3486284646,30.1008353649,31.0925157717,1AUG ,1
L,L,L,L,L,L,L,L,28.0,L,A,0.0845771144279,28,L,A,0.0845771144279,L,-0.3654,L,0.6192,LEU,28,1.33094761326,1.36409989875,LEU,28.0,0.975163814039,1.0355540845,0,1AUG,L,28,L,20.7241482614,16.293184342,17.5096206845,14.2584813713,9.6512880974,11.624703194,6.23045746525,11.4167827172,10.7924362778,15.6805659427,17.9588921548,17.7704149462,22.1007284676,23.4180274921,24.0130056503,20.6396568413,20.6011799221,16.3968977491,14.8913539543,13.5937700067,12.0612406964,10.5003061654,10.9994868022,7.33498961749,6.14687236687,9.68872753037,7.73366646846,0.0,7.46775737876,6.91623969916,5.29614591233,9.5578649553,9.13332881131,12.3929691731,14.9998826455,10.7566969925,11.2194944091,5.86957255323,9.63519296191,6.41643492354,12.45228377,14.2863789696,15.2305138293,19.4918402203,19.3236378314,23.2565186635,26.006869964,28.7006160893,23.9816144081,21.3266004537,22.8199184719,23.437866957,19.4117811329,17.754894776,24.4120657874,22.0244457717,16.750084484,18.6000752875,22.9514870055,16.8658135955,14.0321341863,20.8401062514,15.2420567545,16.6226853062,13.6667435237,14.5111704077,10.3782989361,13.5588846068,9.91960693106,12.9511729607,15.550493533,17.5811712148,19.836163959,20.9883798361,20.4424608816,23.0487047519,20.695398084,13.3811975251,17.3810160717,15.8848645233,18.8417711651,24.361453419,24.9606877027,23.6291312285,27.3677085512,30.9400436902,30.682428368,28.8459277984,32.1506386933,29.9794274198,26.1403219634,28.8063224156,30.4061274066,26.5050623409,22.5563698537,26.7068393345,28.4826241274,29.1493139196,32.7073509719,30.5040879647,35.0907226703,33.7131793153,32.6515042673,34.3158349018,27.7481276599,30.5799827107,34.0461343487,35.5638749982,33.3425799017,31.0010890066,32.8663724631,29.6143890769,26.7452802499,27.4042266709,19.8049280357,19.346017486,15.7399161313,17.5474180092,18.9448569092,24.4286335646,20.7577287321,14.6343066425,18.1039894987,21.0072489305,16.6059789001,13.3898722479,20.7119707962,20.4044672726,14.8477290288,17.7353367575,14.125876205,18.1878146306,17.4604238388,19.5699939393,21.5371734494,21.3288235867,25.5963501732,25.4855659929,22.2606552031,24.2615651388,27.6028026953,24.1934454794,22.0548108072,19.1834003809,23.9911929865,24.2693545058,18.0411477753,19.564363004,26.5486826813,22.7587139212,18.2086695451,21.1270436451,26.4373805384,23.8394491412,21.1864602186,26.5492200177,28.9534068991,27.7358553099,23.1132837562,26.4762858111,22.4370996739,19.3461926777,17.767644745,18.2690464305,15.10321109,15.7615535331,12.1559888924,17.4525373354,12.1772796465,15.8303006407,20.4504370144,14.9925994662,18.1360966402,17.4390631934,18.0423323267,22.3765360941,24.120850992,27.0967411955,25.1029601482,29.0228597983,24.4067976822,23.2388156269,19.4390588286,15.5453863477,14.1664325196,10.6584511117,11.5902050406,14.1212185079,10.4773837865,6.4199939124,11.2450139789,9.29520126468,6.60670070052,7.16751577362,10.1785342279,9.19045304474,7.53215037084,9.92832443845,13.5407173551,12.7316732183,12.6480962267,15.9274156617,18.6451009129,20.9219754329,23.2433681461,21.7658084443,23.687515509,26.5789837254,25.181440492,26.682135506,1AUG ,1
N,N,N,N,N,N,N,N,29.0,N,A,0.471794871795,29,N,A,0.471794871795,N,0.6479,N,1.503,ASN,29,1.17929954347,1.28800115849,ASN,29.0,0.902753215065,0.999332913735,0,1AUG,N,29,N,21.4444766927,14.7655128647,17.862921439,10.5326418392,10.3995868916,9.39138500562,7.94349063148,10.9927536616,9.9067583536,15.9327676726,16.3092271541,17.0197194754,22.5721200839,23.4288195911,24.1695865034,22.2626263391,20.812868273,17.4928580947,16.0416352866,16.88675207,14.331599137,9.11962723285,12.4018338693,11.5484767603,8.41354064352,8.98839337317,11.0519551997,7.46775737876,0.0,3.32321589998,6.38126684398,10.3398042567,13.4028074065,15.542779334,17.3043073714,13.0354496676,9.74611518268,7.22577391561,5.4271120545,3.47376202903,7.31726922012,11.2971358467,13.3054821789,16.7378610611,18.9133887258,21.3411935034,25.4828707704,27.0126097599,20.5996723549,19.6062119854,21.0065838658,20.0693315514,15.6686833456,15.4938920912,21.4154456209,16.8586742615,12.4160253183,15.4050659358,18.5503802167,10.3799215025,8.46328379315,16.3315302,12.5570437345,15.3863389793,14.6203490578,13.9047687874,13.0562397549,14.4730997225,12.9449676736,16.1941398864,19.0577100639,21.7659256371,23.5024933265,25.7021873303,25.0973344706,29.1199257592,27.1049064853,19.8507873478,22.7453090146,21.1934530446,22.6885323941,28.6617610635,27.9907775035,25.514845253,29.339468973,31.2489474066,31.7391305537,28.5907667038,33.3266708238,30.4941647683,28.1289452049,29.881536303,30.3025025461,25.5189322023,21.4642463825,24.1723081731,27.1883792791,27.4190332762,32.8308164485,30.0526781407,35.3701874961,34.3588625803,32.0155535505,34.0947460099,27.5458119293,29.7016764657,32.7163198178,35.050583331,32.8557768661,31.3859905726,34.0497127915,31.2015728634,27.214742814,30.1271412041,22.7630048863,21.4051956771,18.7807116544,21.4523234909,23.4029543522,29.5704519755,25.6594491906,19.9300825794,24.1951849928,27.4368905911,22.8378156999,20.2547062108,27.6160416588,27.1777183046,22.0363797141,25.1365451332,21.4884986019,25.252855667,24.2476135954,25.7214253731,26.8793945183,26.0027801486,30.2582252246,29.0264031644,25.1883588684,27.3021952181,29.4966783106,25.2275752124,22.1866873758,20.8282219794,25.5086442058,23.7417106398,17.7462099159,21.4891855658,26.8908798972,22.6002841896,18.0668448186,21.9277634732,25.6446887211,21.7105806256,20.7037927573,26.3198394741,27.1211409032,25.1524870028,20.4910239851,25.2350695876,20.7009961053,18.1807031573,19.5063514281,19.4376857657,16.6975488924,18.192456943,16.6842097632,21.0583601433,16.9863823604,21.5742836663,24.508684516,19.4289796485,23.4705592321,21.5578130527,21.5164938131,27.072366043,28.0286120889,30.0435460293,28.5409629101,33.810966027,29.3148712583,28.8814435679,25.1983743209,22.0484829211,20.6214178913,15.6306627619,17.592965732,21.2126819193,16.705310585,13.0884458025,18.5681070569,16.541886551,12.8545394879,13.7854136641,17.1008037313,15.2114648074,12.3802790481,14.7827788757,18.9195968661,16.6257773879,15.5712742206,19.5941895687,22.9465164129,23.3727731977,26.9043139256,26.1396415092,28.8935403839,31.7479474546,30.913792061,32.4011587867,1AUG ,1
G,G,G,G,G,G,G,G,30.0,G,A,0.596153846154,30,G,A,0.596153846154,G,0.5961,G,1.458,GLY,30,1.21922789506,1.07789207164,GLY,30.0,0.947938358865,0.820265571401,0,1AUG,G,30,G,18.4215028134,11.9776501602,15.3291512211,8.99669199899,8.40909381603,9.52064514442,7.72308912645,12.2947089269,12.0185178672,17.9881608159,19.1744472273,19.9489573951,25.0760480113,26.1737484749,26.97064462,24.7190458657,23.614645734,20.029275647,18.4032961612,18.7111869586,16.18370878,11.9474405144,14.6984673559,12.8367380125,9.80433323611,11.5869424146,12.2935071251,6.91623969916,3.32321589998,0.0,3.78882861719,7.15951210044,10.5740072366,12.3834054976,14.1966384635,10.0187498032,6.78496514407,4.68433992082,4.68825033286,5.02093974959,9.54751077497,14.3437276593,15.5174107194,19.3963720194,21.3896837183,23.9023740657,27.5501115144,29.0830056178,23.2747912267,21.7042008005,22.581685833,22.032592705,17.9393292092,16.7684223405,22.7499020027,18.4917060561,13.8746616467,15.8782087074,19.0400068345,11.9255639915,9.04331724128,15.9919983465,11.966255927,13.4869784356,12.9397311749,13.6434881024,12.4634545226,15.1001869054,13.8123136932,17.2106744146,20.691743604,22.862959591,24.9760364584,26.9029736099,25.7626973211,29.5282014801,26.9669192439,19.6749772381,22.9160766829,20.6628753015,22.9632573487,27.9215431207,28.045294813,25.8293312691,30.0231370508,32.1058686285,32.9619784007,30.2314955855,34.9211389104,32.4680913203,29.9533456507,32.1343711724,32.8359139545,28.0047201227,24.2630506669,26.9915323768,29.9227774678,29.9226544572,35.1356620656,32.0978263572,37.3011115735,36.0151248202,33.7834672868,35.3211811315,28.7818031499,30.6294887634,34.0411211795,35.9608467933,33.6387057657,31.6346572402,34.4355909761,31.4499767165,27.3814515792,29.6727268059,22.2519648358,20.7892629172,17.8289155529,19.7591650128,22.4844532286,28.3029741381,23.485656463,18.549512366,23.1301030795,25.9086402272,20.8068992501,19.1120358928,26.4736957275,25.2155580127,20.2979024248,23.7879905441,20.7509224779,24.8867077726,23.5493350854,25.2943914418,26.2685850266,26.1457278894,29.9616348023,29.6531237728,25.8952531276,28.2007695609,30.8673112719,27.1780165528,24.202457158,22.3900585083,26.5818267934,25.3866709809,19.1821631168,21.915765607,27.5978170115,23.6017024812,18.4954103616,21.948431491,26.186755704,22.3392536428,20.4406317593,26.084379854,27.6071756587,25.4402816894,20.3807997503,24.4331364756,19.5835876101,17.3864610754,17.6572103339,18.6332888908,16.3985951711,18.8778981014,16.5828314383,21.9410462567,17.8528672617,22.2009509917,26.0753268535,20.881391795,24.5113201989,23.094822471,23.3676483125,28.4894965627,29.7571512514,32.1736284223,30.4629351391,35.2045342074,30.6055483617,29.7099280054,26.0497817753,22.3539850549,20.922603782,16.7093464526,17.7941374713,20.9333326788,17.1743637292,13.1661994821,17.3419416023,15.9099174877,12.6778453893,11.8447264568,15.4227221796,13.9238765196,10.6703535552,12.256806605,16.7981308274,14.7195941753,13.0975359321,16.8482049587,20.4723465142,21.1296526921,24.627808027,24.5191359643,26.9692162395,29.9207078024,29.436005201,31.2063259281,1AUG ,1
A,A,A,A,A,A,A,A,31.0,A,A,0.22480620155,31,A,A,0.22480620155,A,3.875,A,4.317,ALA,31,1.18015656181,1.15441146063,ALA,31.0,0.890253089483,0.875805427901,0,1AUG,A,31,A,17.6460777264,12.4312513166,15.3233935413,11.3683845726,8.73891906707,11.8706056692,8.40147148927,14.077271362,13.8749117648,19.5104735722,21.2411437671,21.4557682968,26.3990404711,27.5767425586,28.2084639726,25.2666406503,24.4611305999,20.5334136066,19.3318650261,18.600549783,16.7584463516,13.600642358,15.0460246753,12.3975367779,10.3693637524,12.4656768978,11.3544090087,5.29614591233,6.38126684398,3.78882861719,0.0,4.76366527228,7.14224954928,9.47318385756,12.4860308579,8.34221298421,7.30556658166,3.94882727671,7.77237090149,7.32021980283,12.852715748,16.7467192859,17.8612559215,22.0150073153,23.1247100903,26.2792330903,29.4829428557,31.487266784,26.1601849393,24.0692965575,25.0048165268,24.9979608121,20.9651118369,19.2985131012,25.5736347339,21.9725721987,17.0812152354,18.6265708863,22.1549472764,15.6669348011,12.5428758574,18.9084397202,14.2993306467,14.6455680701,13.3502490877,15.2932935644,12.662325674,16.3448413048,14.1886192829,17.4912165063,20.6722746254,22.6305350099,24.9488243129,26.2646304988,25.2840924928,28.0893549247,25.3150745739,18.0673212779,22.0167674749,19.6241486767,22.8711374238,27.2807499482,28.2726727982,26.6284511143,30.8553936292,33.6688389962,34.2570544809,32.0878061308,36.173482202,33.9824620364,30.777718444,33.3079817996,34.4922990353,30.0522765967,26.1891340698,29.5517638011,32.0264559952,32.2853132497,36.7724749974,34.022882278,38.9382164802,37.5043827124,35.8044640828,37.1508598458,30.5924398782,32.6658053144,36.3073349274,37.8613983203,35.5036971525,33.0368621331,35.5472985657,32.3589537869,28.7282459521,29.8760944361,22.3418562492,21.2326755744,17.7048066535,18.8037095764,21.7014259888,26.9761171072,21.6355696795,17.0898067043,21.3915550285,23.6544334373,18.224475201,16.8416045078,24.119737139,22.2805536776,16.9795532301,20.7417982215,18.1646027918,22.6533813239,21.5165482588,23.771974283,25.1478615613,25.5991564971,29.2947268307,29.746733545,26.2989118587,28.5655932274,31.7890141046,28.4375882841,25.8434035994,23.3994557018,27.6574938656,27.3342686491,20.9989023655,22.7225091911,29.1168768786,25.3559598234,20.1368013427,23.123210531,28.1114764929,24.7611242816,22.0318700369,27.5813175907,29.8974943577,27.9358899763,22.7823649155,26.0852944948,21.2881815482,19.0495809502,17.5992289011,19.3766117142,17.1559369755,19.5074183224,16.1112195796,22.037451289,17.3164233621,21.0322492053,25.6995124457,20.0658595154,23.0313008664,22.1157324634,23.1115039835,27.5216668137,28.9418932865,31.9357264366,30.227799631,34.2519960483,29.6743080585,28.4636244103,24.5718804185,20.5644599641,18.7731766232,15.4619020228,15.4614772045,18.3116556752,15.664592164,11.1326113534,14.0918112499,13.6376761355,11.3868714737,8.49932421459,12.609191855,12.1404308545,9.15545376302,9.76017773129,14.6565212898,13.5930893661,11.9258674703,14.9927310171,18.6377965514,20.4532245003,23.3509814807,23.3810647371,25.1712490338,28.2213531333,27.6524323067,29.5917726915,1AUG ,1
A,A,A,A,A,A,A,A,32.0,A,A,0.596899224806,32,A,A,0.596899224806,A,3.417,A,3.917,ALA,32,0.934653172452,1.10408295328,ALA,32.0,0.676356266312,0.843267325562,0,1AUG,A,32,A,14.4902616591,10.0451245474,13.7514070078,11.6305694506,9.83441831812,14.5349058131,11.9565332458,17.8966820887,18.2315459854,23.8396284006,25.8267454299,26.2046970352,31.0184734123,32.2935283098,32.9642524576,29.9561024694,29.1463855235,25.2072923695,24.0153732407,23.1160918742,21.2817721411,18.3082407433,19.7241036628,16.868324176,14.9031353349,17.0868813028,15.5751731548,9.5578649553,10.3398042567,7.15951210044,4.76366527228,0.0,5.50157055454,6.06425975363,9.70487078681,6.67947279191,6.236183446,6.31700853932,10.1803157245,11.5656716656,16.4592940162,21.2434085564,21.9660606345,26.2242146623,27.6203675199,30.5342895629,33.5237368734,35.2771616935,30.1979726318,27.9824286962,28.3730690258,28.4024811439,24.6489474104,22.4555735769,28.406274112,24.6598805867,20.0368053083,20.7608217132,23.7764609558,18.158642195,14.7296525417,19.6222516563,15.6915046814,14.2311783504,13.9675485477,17.417931385,15.2047051948,19.6223253209,18.1329361171,21.4134451751,25.0399953169,26.5437730038,29.1060932619,30.2116553393,28.7255609314,31.2392865085,27.9223731757,20.9618569977,25.0737054753,21.9170336596,25.8606763802,28.8287684148,30.6980287618,29.2469937377,33.8251953531,36.4909127702,37.6356992209,35.7137349447,39.9589906124,38.0709944762,34.9808536219,37.7536883974,38.9974063623,34.3894179093,30.7884053452,33.8724427942,36.508389003,36.4779759668,41.0955393598,38.0086919918,42.900221454,41.2515011447,39.4479675875,40.2528184247,33.8108144262,35.3497360402,39.3034614104,40.5138663818,38.0421477792,35.1247471743,37.915915828,34.6900806197,30.839051961,31.5210306463,24.2351445515,22.9011521159,19.2843354362,19.2049751389,23.244867425,27.8190312684,21.021505944,18.2912591434,22.8663026125,24.2594225858,18.122866532,18.4862641114,25.3500247593,22.0588385288,17.3287367017,21.6546984213,20.2396745046,25.0338772931,23.5402619602,26.059478073,27.0730097523,28.4307060301,31.4476485005,32.9084952076,29.5521266274,31.9949510423,35.5057380249,32.6482130676,30.0014619994,27.4240582894,31.0666275345,30.9867346526,24.6415298351,25.6187422614,31.8619812701,28.4427732799,22.7908004764,25.3176108181,30.4548436169,27.0230769547,23.6625146451,29.052200485,31.8883540754,29.5495489794,24.0831223754,26.567960292,21.4290983952,19.9979828764,17.5138771339,20.7488905105,19.4462321353,22.9036471547,19.101734228,25.6963994356,21.2578155728,24.6249752318,29.9315341359,24.2809738644,26.7627957659,26.2067587642,27.5448686384,31.5431419822,33.0747562133,36.3562496215,34.6132753808,38.1813101656,33.6044224688,32.0197035196,28.1867630767,23.8143065207,21.9443679953,19.5216708873,18.5279846621,20.8360388017,19.3464660227,14.7333896919,15.5158716664,16.2780061811,14.8538778744,9.50408321934,13.6782634429,14.0517395141,10.8645820669,9.37010960652,14.6627207402,14.1082567217,11.3545591485,13.3283754211,17.4697819164,19.4728122936,22.3163772263,23.6933261811,24.9289606547,28.0543628743,28.1709716154,30.5190985801,1AUG ,1
E,E,E,E,E,E,E,E,33.0,E,A,0.37668161435,33,E,A,0.37668161435,E,-0.09524,E,0.8547,GLU,33,1.09568725206,1.11131449587,GLU,33.0,0.792067516625,0.82916463049,0,1AUG,E,33,E,14.6173986738,12.7830363333,14.058520273,14.9857181203,10.3331652329,16.1005333263,12.0797605011,18.3795444554,18.9949266359,23.835032006,26.8068666983,26.901292692,30.8173550951,32.3864426777,33.042268863,29.3936255429,29.4868917662,25.2181685975,23.795915091,21.9856661354,20.6140265536,19.4623854095,19.881532652,15.9208693242,14.8658450663,18.3081302465,15.367833462,9.13332881131,13.4028074065,10.5740072366,7.14224954928,5.50157055454,0.0,3.63061035868,8.36347070245,5.93428481617,9.58317843525,7.53918804837,13.2161284723,13.4536349971,19.0564558457,22.9119937736,23.0130467834,27.6460597118,27.8846266839,31.4705686055,33.5927764076,35.9556152958,31.9293993392,28.7861290836,29.1835528041,30.1035682815,26.5687145035,23.6352329393,29.919211065,27.5106650849,22.3871597881,22.6252142473,26.4139877122,21.8286268419,18.0892688562,22.7099277127,17.6451480384,15.668506715,13.711301655,17.9339149638,14.0588605333,19.2548589944,17.0769233781,19.9585832343,23.5076532701,24.3061879811,27.1409706066,27.606786292,25.9024902559,27.4901720451,23.8080559351,17.332334162,21.8595033848,18.5412315786,23.4337192149,25.5982818256,28.4338393849,27.7748939265,32.2354035099,35.8529347807,36.5882335345,35.5196034549,38.8801840109,37.4829759465,33.679838698,36.988729898,38.8910601755,34.7808457795,31.4015438266,35.1596369265,37.1049670426,37.2376662765,40.7581744298,37.9574124932,42.3480738421,40.4579826818,39.4319190772,39.9139513329,33.5694099764,35.4672462376,39.6653882017,40.329360254,37.8682749692,34.4170915614,36.6593380445,33.2301605985,30.1651952701,29.3040792259,22.1299478498,21.4072513595,17.2954822492,16.2847289794,20.0818785474,23.8607593774,16.9976793051,14.6140952375,18.5797282975,19.3758628048,13.1292757337,13.9558827799,20.3923782325,16.6824441951,11.9768766696,16.413868916,15.7164220361,20.6224046214,19.0750002667,21.9883507143,23.314593854,25.3557428706,28.0662254572,30.4519480038,27.586625471,29.934566425,34.0836727516,31.9213471919,29.8100878002,26.4767372911,29.9038986417,31.0391917661,24.7295669999,24.3027405927,31.2867652974,28.2802022135,22.771621696,24.5985766064,30.5993090127,28.0749334599,23.8043259492,28.8697119253,32.6817379983,30.9075032054,25.6334108377,27.2134009555,22.6585896711,20.7873316074,16.3325114377,19.9195114387,18.5299024483,21.5599804435,16.7204946807,23.6673092504,19.1088155155,21.5968920532,27.8519413364,22.4812199957,24.226941748,24.5774094407,26.0600983864,29.1390544084,31.237934903,34.9579597545,32.8366195834,35.4176494585,30.8689466636,28.7192789904,25.1385024336,20.3319263026,18.8040376998,17.8775638673,16.0787119029,16.9743136066,16.6547860859,12.5296340566,10.9990548661,12.4905250153,12.4546775847,5.06733621521,8.87730407192,10.5616698129,8.41877479187,5.43530357085,10.4529305026,11.4802427748,9.48079019899,10.3156323802,13.8819013285,17.5535513154,19.2815435287,20.260729238,20.7159255568,23.8647067101,23.7093601393,26.139557,1AUG ,1
G,G,G,G,G,G,G,G,34.0,G,A,0.663461538462,34,G,A,0.663461538462,G,1.89,G,2.586,GLY,34,0.944260880645,1.00707797768,GLY,34.0,0.673703854084,0.741084632489,0,1AUG,G,34,G,11.764795656,11.086619795,12.5259170433,14.9025219553,11.1516774067,17.4318745594,14.3739574508,20.6037116678,21.5994191401,26.5379697405,29.6275671165,30.0507705348,33.8748643973,35.5387821817,36.3117382171,32.8311234151,32.8959549514,28.6696761486,26.9996761563,25.4501751359,23.7642155508,22.4172631295,23.2791376791,19.348366112,17.8817628985,21.4598906908,18.8580976274,12.3929691731,15.542779334,12.3834054976,9.47318385756,6.06425975363,3.63061035868,0.0,6.00439891079,5.4575041705,9.37394653076,9.39906813068,14.4429449024,15.8009800198,20.910596947,25.5797648482,25.3392040736,30.0257164947,30.6927545273,33.9289210747,35.9479260665,37.9907162131,34.1330396891,30.9477610475,30.8846795651,31.7616899489,28.4632812777,25.1906518371,31.1368882182,28.6281362346,23.7454683512,23.4136959143,26.7717540677,22.9352475628,19.0330139336,22.5495802406,18.0702395055,14.956954636,13.9248189781,18.9399771519,15.8295981345,21.2086968158,19.8186319862,22.7379404264,26.8060963984,27.3027231087,30.2678377362,30.8362725347,28.5904264111,30.4045465415,26.362266584,20.1937982492,24.4326451011,20.5502605875,25.5724691478,26.6514836098,29.917352116,29.2465298666,33.9693221018,37.23945402,38.5216538737,37.5261179961,41.1812460808,39.9853074246,36.5105374548,39.9339326824,41.7540114088,37.3803492306,34.2833502958,37.6633951256,39.8402716719,39.6415047614,43.445995876,40.2600303641,44.6950402479,42.6529842738,41.406023965,41.459549528,35.2455121952,36.6392641396,41.0353588148,41.4758684606,38.9386219193,35.2299012858,37.7671825568,34.3822389917,31.043504571,30.1016454336,23.2657907669,22.2514608547,18.3215830427,16.5749190823,21.2711203707,24.5787533416,16.659614459,15.9409539642,20.2071218329,20.4448224881,13.8958024528,16.2120422474,22.1233061742,17.4602653555,13.9408296621,18.4765340628,18.5441247175,23.379264273,21.3870981667,24.192741129,24.9563392693,27.5322625543,29.6561708953,32.623015737,29.7373874573,32.2429085158,36.4381238603,34.6130588792,32.3441475326,29.0849618138,31.9547708147,33.0610897729,26.7958078179,26.0363529181,32.6459940284,29.8888703308,24.1053997337,25.644674275,31.547519853,28.9092430361,24.3215025041,29.2044242828,33.2734210167,31.2046993851,25.7793732978,26.7681491572,22.0506752708,20.8312801144,15.9205642919,20.4670413822,19.8512679519,23.7846200039,19.0795218665,26.3030546502,22.2563778738,24.7873505545,31.2242086869,26.0578426483,27.7847648644,28.2064791989,29.5731883257,32.6616247618,34.8520101234,38.5552071163,36.3297255315,38.8332422649,34.2589503428,31.9130278586,28.5510140818,23.5990668433,22.2748895789,21.4995232733,19.6159371364,20.2291064194,20.101938136,16.1422687274,13.998747965,15.6381247765,15.5733982962,8.39183768761,11.3093781807,12.8601214482,10.4702290289,6.571334728,11.1815252664,12.1408249958,9.27002097179,9.0549170759,13.0330381556,16.4316885286,18.2496954013,20.4490127107,20.6584082478,23.7904891264,24.3438086246,27.0482133588,1AUG ,1
P,P,P,P,P,P,P,P,35.0,P,A,0.245283018868,35,P,A,0.245283018868,P,0.8212,P,1.654,PRO,35,0.99669515468,1.10361987879,PRO,35.0,0.73557552263,0.851300176105,0,1AUG,P,35,P,6.52970611692,8.19308101657,7.1226251508,13.0269125427,9.38160655781,15.9376474207,14.419437701,19.9461979252,21.8948299892,26.4148799507,30.2427244147,31.5770963329,34.4057405296,36.4826302448,37.6783594716,34.681094445,35.3496724621,31.1819444902,28.2292091453,27.4344182075,24.7742028551,23.9953604559,25.8695064024,21.5235662167,19.1661986444,24.1896807132,22.4428157242,14.9998826455,17.3043073714,14.1966384635,12.4860308579,9.70487078681,8.36347070245,6.00439891079,0.0,4.41671313533,8.84909136134,10.4609160084,14.295462602,16.8476863181,20.8645994273,26.4880274908,24.8959043011,29.7414878793,30.8017701996,33.3951708981,34.7281797478,36.2929866546,33.5130918889,29.7652065626,28.7980856496,30.0488645997,27.4977871148,23.2593315401,28.553906234,26.9182100087,22.297354711,20.6997094563,23.8133018612,22.3244648165,18.105706929,19.5510573492,15.2962577201,10.7551088309,10.2390732564,16.1907384328,14.2580813718,19.644697168,19.8641909327,22.6389865471,28.0133137171,27.6221180505,30.8430379122,31.9183462059,28.2636279483,31.3213402399,26.7112010856,21.0135716797,24.1367097777,19.3632264531,24.0560696074,23.6480888715,27.0931283578,26.3235340863,31.3703052962,34.0429794068,36.1880479331,35.4821060721,39.5090559545,38.8282322023,36.1101734514,39.8393800847,41.5871723785,36.8209777576,34.6840546465,37.3677947796,39.6813685569,38.7418034037,42.723950528,38.7970974719,43.1317386846,40.7719190966,39.2742169865,38.4955789718,32.6379676409,33.2704817015,37.9681868289,37.9192669565,35.3106100627,31.2260178945,34.1112211524,30.852498155,27.2160027814,26.2809860045,20.089465881,18.6282613625,15.2340332243,12.88365519,18.611658817,21.758530878,13.3951557648,14.1336552019,19.1020423751,19.4015892663,13.272908867,16.7256676232,22.1160545906,17.6894305009,16.5033525302,20.4062340673,20.5809124979,24.8676177337,21.7249612315,23.7490123177,23.2101509392,26.2469841727,27.4485011547,30.979820617,28.0303099919,30.7960039856,34.9478559722,33.9809295462,31.5366026791,28.3748671209,29.974231959,31.2244832322,25.2799166216,23.6626054099,29.5107565017,27.3284647858,21.3536548597,22.2177411756,27.966670338,25.5715038698,20.3686994753,24.7809008426,29.3657145926,27.2119816684,21.8741694974,21.769184889,17.3008674595,16.6630873372,11.0094021833,16.5405500009,17.1420886567,22.428845241,18.313917129,25.7258331461,23.1651004875,26.0688937402,32.6581664134,28.6134226128,30.8334476853,31.4320062332,31.6332231972,35.0643794041,37.832658908,41.0879840007,38.1950313814,40.8343911083,36.0836286813,33.3658370874,30.8973588965,25.655432526,25.5484905252,24.6316072697,23.6976856093,23.4848413361,22.3246030947,19.3499955182,17.5915613728,17.6019550522,16.8201184582,11.8143869481,12.9113056224,12.8957811897,10.2809234331,6.86877779837,9.68770459096,9.33130939653,5.67869729269,4.91472884253,9.24944018491,10.9733637217,13.5050589436,16.7758038176,17.5964623601,20.5763132654,22.018802273,24.8286491201,1AUG ,1
A,A,A,A,A,A,A,A,36.0,A,A,0.015503875969,36,A,A,0.015503875969,A,-0.08668,A,0.8622,ALA,36,1.22670204353,1.33976782508,ALA,36.0,0.945840589949,1.06764787806,0,1AUG,A,36,A,10.0445825824,7.89914312338,8.21503769598,10.5332991614,5.93334973474,12.493132636,10.3473491671,16.1893487925,17.7960689394,22.6042392404,26.0949849422,27.2813836814,30.4839175694,32.4044451117,33.5218375105,30.5864630076,31.0319135267,26.9100888307,24.1152304283,23.4460401739,20.7815741623,19.6284522223,21.5633437114,17.4223004921,14.9315886464,19.7943054552,18.3066171229,10.7566969925,13.0354496676,10.0187498032,8.34221298421,6.67947279191,5.93428481617,5.4575041705,4.41671313533,0.0,5.81988315275,6.05853651744,10.4515221044,12.5121832756,16.9051686523,22.2257049951,21.0506570301,25.8482346467,26.8950061967,29.6463321791,31.4202330668,33.1412115069,29.766869801,26.2994701403,25.8255291959,26.8329203569,23.8865638768,20.135179254,25.8904147463,23.8578000133,18.9603232402,18.1511155932,21.6683721522,18.9081085667,14.7467479598,17.7540459931,12.8322249407,9.88542361823,8.54893398013,13.6024924925,11.228307031,16.48210531,16.1821026975,19.1897422893,24.2798335953,24.4245638448,27.4684643696,28.7321193468,25.6459496487,28.932486627,24.7909274912,18.4081631222,21.7201297116,17.5061783879,21.7745162186,23.1265298391,25.6468519689,24.5183487104,29.4042255557,32.1611628454,33.8353784178,32.6852652305,36.7826006033,35.6708221594,32.8403704514,36.2910892347,37.8983227629,33.1677307451,30.6544363876,33.5158464755,35.8545594208,35.1897321594,39.3147802535,35.6557568115,40.1875852647,38.0706690505,36.5044361615,36.3620321819,30.2029901643,31.3320120254,35.7606753224,36.2157840702,33.6604208753,30.0699549553,32.8529616543,29.5670376903,25.8686312427,25.7155302456,18.8090823578,17.3996091073,13.7709657131,12.9001123336,17.7014185472,21.9708761284,14.9060704847,13.022784067,18.1511436271,19.4404192747,13.4602223415,15.0286692929,21.4226932067,18.1678276128,15.5134059519,19.3986157228,18.4611927149,22.8471726873,20.1192148661,22.1369950859,22.1332967778,24.2761171551,26.3711152662,28.8456057973,25.6425165774,28.3259219518,32.232597131,30.6013401825,28.0755060717,25.0576358094,27.4091837735,28.2293399226,22.0569356945,21.3657365077,27.5432268362,24.8136597814,18.8995955017,20.5002816066,26.1882131587,23.4899956502,18.9190105581,23.90073243,27.8200715305,25.77101253,20.3873971273,21.5536464231,16.8861748867,15.4094955247,11.1732260335,15.3045654286,14.8599105558,19.5054708096,15.5106718361,22.7574133022,19.6950739726,23.0126098031,29.1433066766,24.8329587481,27.4111623045,27.6310818636,27.7838419121,31.6059737385,34.1284262555,37.222675226,34.5173541717,37.6406858492,32.863144297,30.5342158716,27.7610256957,22.7528172247,22.4167211714,20.7836093843,20.3398936239,20.8137742047,18.8766249173,15.6515913038,15.3403057566,14.7324264847,13.2589870563,8.99268849445,10.9486078406,10.3189725917,7.00042089864,4.84701389754,9.28209885547,8.11593161979,4.79744964973,7.11896012216,11.2337653542,12.8349407884,15.7471802442,17.3844356347,18.8956408501,21.9563433214,22.5521293231,25.0192155342,1AUG ,1
S,S,S,S,S,S,S,S,37.0,S,A,0.258064516129,37,S,A,0.258064516129,S,1.846,S,2.547,SER,37,1.05621979533,1.25964491357,SER,37.0,0.809807807189,1.00361121238,0,1AUG,S,37,S,11.8260288198,5.30038438277,9.23779181498,5.66221079005,5.93093515821,10.1033254116,10.0494646352,15.0300738922,16.2939791388,21.8028297242,24.1871679995,25.7385755929,29.764347579,31.3647163522,32.5117179975,30.3101364831,29.9054876999,26.1853347131,23.5542995043,23.8839877584,20.7704035796,17.8160244623,20.8386045371,17.8680644125,14.517188431,18.1634788151,18.2231427892,11.2194944091,9.74611518268,6.78496514407,7.30556658166,6.236183446,9.58317843525,9.37394653076,8.84909136134,5.81988315275,0.0,5.50850197485,6.36044148782,10.1667901653,13.3188278156,19.701596627,19.0962334967,23.4095803421,25.7157456422,27.6855533148,30.4141268987,31.4612797189,26.9441784612,24.5296797092,24.1020591888,24.0636458585,20.8925507769,18.0537190096,23.4014148679,19.8349081934,15.4928734609,15.3302918106,17.9792740032,14.0587942702,10.1124046438,13.5915548329,9.97312760683,8.37799869471,9.49167476455,12.6723484239,12.5189895419,16.3849654432,16.7917999867,20.123714187,25.1013334246,26.0474723146,28.7145665614,30.6400495891,27.9694968706,32.132136876,28.5417518699,21.6784742051,24.5931226263,20.9124233292,23.9207458142,26.5588350892,27.7220233728,25.6712318177,30.515699803,32.1889960006,34.184539972,32.0258465989,37.0518287114,35.3514844599,33.3123005078,36.1165622605,36.9909974446,31.7653233102,29.0584087979,31.1484335211,34.2073021589,33.3725319604,38.6600942731,34.7536517017,39.8143741626,38.0204282421,35.6100637991,35.9451794155,29.6991246324,30.5117856815,34.5599836375,35.7250349355,33.2017535461,30.3909164218,33.7066051658,30.7048058428,26.1973357661,27.9834485062,21.0497878789,19.0568456359,16.2070120016,16.8392934894,21.213587898,26.3684176536,20.0670762664,17.2892746638,22.6191376837,24.6420061926,19.0066302779,19.4982664203,26.3597435293,23.8118229781,20.5016915918,24.3447235931,22.5262870423,26.815934184,24.3865425112,26.0355748754,25.940237086,27.0759096728,29.6787650922,30.8510557942,27.1484719007,29.8439990637,32.9391706979,30.4718291599,27.3901974294,25.2828548162,27.9586393203,27.3274035811,21.2081417288,22.3309216191,27.5672729556,24.3079292527,18.4151570653,20.9624975511,25.4583039649,21.6735525542,18.475465401,23.834178667,26.3653983292,23.7100490855,18.1508717326,20.7492877093,15.4339642505,14.3411686026,13.4235068701,16.3169870457,15.7269603525,20.4248742407,17.7746569288,24.2708747926,21.3052620378,25.4622587238,30.46687898,25.9512167883,29.2696117581,28.5924570917,28.5112660796,33.2621381521,35.2114519092,37.7903915903,35.4652273919,39.6311697891,34.8538306187,33.1745677805,30.1307610648,25.6429039377,24.9342278997,21.8637229331,22.2648668167,24.0677498347,21.0051573247,17.3881164858,19.2123233432,18.0992809584,15.3936586941,12.7545415754,15.5945504906,14.1087452886,10.2775176124,10.1823535017,14.5721335399,12.1284141756,9.10697559444,12.3885442879,16.4188738401,16.1867543837,20.1209731881,21.6259004042,23.954174348,26.8964669574,27.4732231613,29.6926358288,1AUG ,1
I,I,I,I,I,I,I,I,38.0,I,A,0.00507614213198,38,I,A,0.00507614213198,I,-0.1658,I,0.7932,ILE,38,1.37025311309,1.413021995,ILE,38.0,1.07225149431,1.13174582472,0,1AUG,I,38,I,15.4121212759,10.4626675527,12.1110191832,9.05655396869,4.82661914095,8.84607818423,5.70363475534,11.7120506942,12.4942116084,17.8748407423,20.5602285891,21.5513090881,25.4809609563,27.0898827198,28.087872405,25.3956094211,25.3533883327,21.3857129617,18.8733864923,18.6364663127,15.9004631777,13.7275378443,16.0025494264,12.529775904,9.59420682799,13.9228163538,13.3095404762,5.86957255323,7.22577391561,4.68433992082,3.94882727671,6.31700853932,7.53918804837,9.39906813068,10.4609160084,6.05853651744,5.50850197485,0.0,5.93508455087,6.57659394383,11.6510254884,16.4144927613,16.1177390887,20.6882199923,21.8762769243,24.7513813835,27.3428598775,29.191822625,24.7673359852,21.9529214356,22.3113469163,22.7695676799,19.1898138548,16.5381407603,22.7805504564,20.0148973623,14.8817417839,15.5938780577,19.4521105818,14.572705059,10.8249366471,16.3383413775,11.0351658547,11.2299103942,9.42446196757,11.6671519379,9.21322687728,13.3150597995,12.1710292326,15.5192156963,19.948909309,21.111297533,23.7268218585,25.3886100043,23.3132419649,27.0129783193,23.7844536639,16.6739048207,19.965473006,16.962189891,20.0781052172,23.9716109988,24.9445017695,23.2240271842,27.6933965706,30.3428871032,31.3465170881,29.4216301976,33.6854856227,31.863277988,29.0249872594,31.9075757991,33.1756983741,28.4675108683,25.3399486058,28.3672000013,30.8261808254,30.5735035305,35.0407866956,31.7899311654,36.6343978081,34.9451643292,33.1852806157,34.0349561763,27.558981706,29.3460736508,33.2397726945,34.4904535848,32.0700044697,29.3583167716,31.9928544488,28.8034693058,25.0479260326,26.2059581924,18.7543685379,17.4489163379,14.0294139026,15.3217860363,18.4319025899,23.9229187386,18.806625328,14.1756832141,18.9748124392,21.5043909188,16.3058564286,15.2095423001,22.4475781966,20.9267311777,16.7475462237,20.2212540704,17.6606201316,21.8651772756,19.9118137959,21.7075303557,22.3904448228,23.024294522,26.3339581631,27.0521408571,23.5054077655,25.9802387837,29.2982524441,26.553682506,23.8549381449,21.2802384517,24.7965897256,24.7218443588,18.3676994114,19.4758284707,25.7379542005,22.2173425355,16.7125365858,19.4549228555,24.6117803906,21.4566943086,18.260643418,23.7590428822,26.4321722371,24.5490305404,19.3774217605,22.3276429393,17.7037285165,15.3033145456,13.7771843485,15.4737807055,13.5165618608,16.7177398987,13.4808227243,19.8432910784,16.1102877144,20.1537261258,25.1773104737,20.5102853882,23.7847183862,23.2282345926,23.2058917865,27.7790769376,29.8081048934,32.5195671487,30.1697165603,34.1763058191,29.4221196639,27.8318919797,24.6426939563,20.2601778521,19.5531962285,16.4615604574,17.1273317928,18.9074917044,15.518442079,11.9938844703,14.679497465,12.9712511857,10.0890722211,8.60573940766,11.4938174181,9.83880844557,6.27386924253,7.76282294677,12.1532697993,10.1781460223,8.62979500615,12.4026314709,15.8552578274,16.9498487994,20.1255516265,20.0408027415,22.3137431514,25.2891911079,24.9362734476,26.8534157558,1AUG ,1
V,V,V,V,V,V,V,V,39.0,V,A,0.137931034483,39,V,A,0.137931034483,V,0.2759,V,1.178,VAL,39,1.24548504238,1.34340740482,VAL,39.0,0.98093698852,1.07011930145,0,1AUG,V,39,V,17.4035736354,10.5955470962,13.1609311073,5.44363261725,6.5235642451,5.49289903135,6.80365013506,9.94802224272,10.7305771432,16.4568066719,18.1623868339,20.0904217445,24.2530632792,25.693412752,26.9349398031,25.3784444643,24.806439996,21.4601620514,18.4465709974,19.8005150662,16.1719335591,12.3968461825,16.4858785281,14.4100224364,10.3189662998,13.7322656608,15.4788150534,9.63519296191,5.4271120545,4.68825033286,7.77237090149,10.1803157245,13.2161284723,14.4429449024,14.295462602,10.4515221044,6.36044148782,5.93508455087,0.0,5.12245818147,6.96193654326,13.6021898365,13.1951277357,17.2128489693,20.0026628344,21.6568305277,24.9931035078,25.943830798,20.7258960407,18.8398846139,18.9823009015,18.4235144746,14.8237005333,12.9587575245,18.5817871245,14.544534888,9.88443446849,11.309379156,14.4370502513,8.70583050189,4.93826241565,11.5642018067,7.43203873145,10.1082132513,10.1620401909,9.79111969091,10.5939326426,12.4363367356,13.0077312877,16.3338021115,21.0142181925,22.5525027746,24.7592949711,27.3168797905,25.1324462974,30.1595689426,27.3599797983,20.3388607726,22.5390975947,19.9054225988,21.3811884457,26.0682124884,25.5794844149,22.8767688639,27.2478872135,28.539448784,30.0649433395,27.1569483152,32.4817357831,30.225264946,28.6011298126,30.85633285,31.2895099473,25.9320202042,23.082649073,24.9270266849,28.1829561458,27.4457468824,33.1731038751,29.4182773277,34.7456816593,33.3159520138,30.6058116341,31.7533285036,25.3485470346,26.6494349372,30.1459716798,32.0363446335,29.6744566031,27.7892202601,30.9670128095,28.1669857959,23.6121063299,26.8182562719,19.7483993757,17.8153732549,15.5832918855,18.1684482913,20.9204707707,27.0936384051,22.8255412266,17.9055726065,22.8902305605,26.0597118718,21.4100400247,19.9160350417,27.0823720692,26.308874627,22.485324178,25.6403241024,22.5077283687,26.2055869504,24.138180073,25.1945910538,25.2929337131,24.9941014658,28.4367389107,27.8959689637,23.8857040874,26.3847722341,28.7068478606,25.4188400766,22.0805475695,20.6656016604,23.9753829746,22.3225459414,16.2872575662,19.206003804,24.0358657383,20.1330610281,14.8505512358,18.4214997501,22.0946102576,17.9427409388,16.3410300615,21.9723120854,23.1620772346,20.8180153053,15.7463873678,20.1215936853,15.3633738955,13.1633899815,15.0567938931,15.2914295366,13.4810445828,16.8796224541,15.6797879364,20.8225147343,18.1531047752,22.9907697432,26.6643866916,22.6126842014,26.7368708088,25.4064363307,24.4734012051,30.023188869,31.7116296989,33.5694609564,31.3179189848,36.3820230847,31.6649817006,30.6191563817,27.7046030474,23.9055828405,23.4805515075,19.1591627696,21.09019008,23.5219262902,18.8434608677,15.8727977064,20.1367458605,17.552060048,13.59493037,14.4128036863,16.9541990133,14.2739417908,10.8309146325,13.1966994108,16.9116018954,13.6640201651,12.2236482264,16.5734639161,19.9021299856,19.09792493,23.1707625435,22.9917039723,26.183457367,28.9483760397,28.7611570598,30.4008763141,1AUG ,1
S,S,S,S,S,S,S,S,40.0,S,A,0.0451612903226,40,S,A,0.0451612903226,S,-0.187,S,0.7747,SER,40,1.38736246536,1.45622946502,SER,40.0,1.08213079578,1.15588164838,0,1AUG,S,40,S,21.1646275252,15.0795522311,16.8856850483,10.5279812227,8.75529413502,6.99923253746,4.87684694469,7.68804053023,6.99830630702,12.9859005935,14.4073639792,15.5769974096,20.1749214915,21.4338069878,22.4377819712,20.4846806433,19.9330056718,16.4164587549,13.7783503948,14.8394636455,11.621150204,7.6607021257,11.3848387842,9.56034261058,5.62259798824,8.94685013639,10.8722426282,6.41643492354,3.47376202903,5.02093974959,7.32021980283,11.5656716656,13.4536349971,15.8009800198,16.8476863181,12.5121832756,10.1667901653,6.57659394383,5.12245818147,0.0,6.09667702031,9.91514032391,10.6744837397,14.7192478342,16.3940651511,19.0639974885,22.6387301194,24.4209501888,18.8502678342,16.9676457097,18.2862449107,17.9856408876,13.7778717075,12.8484454491,19.1675031188,15.7902360592,10.7465366945,13.4435751246,17.3447008688,10.5709009109,8.20022591829,15.7607055306,10.9559984101,14.2773903432,12.5348265312,11.1874311944,9.94899840763,11.0744267355,9.60294800368,12.8901359936,16.4430429174,18.6986327316,20.6003833902,23.0020595944,21.8726654074,26.4029996735,24.2932476092,17.1598911474,19.5952579428,18.0839427695,19.260602652,25.4606119344,24.5609879,22.1202108939,25.9087051301,28.058545539,28.4399505502,25.5539672789,30.1214964765,27.5103936619,25.088957076,27.1624405008,27.8410798657,23.0418585534,19.4092722677,22.3196549821,25.0275751841,25.0869390698,30.1177774758,27.2068826199,32.3908963693,31.2210262147,29.1034455831,31.0214279147,24.4350209459,26.7923492392,29.9296092181,32.067203931,29.8735021325,28.2962627087,30.7682244819,27.8753078778,24.1126490373,26.8730053218,19.520875465,18.310065408,15.7814064947,18.9142058391,20.3247954688,26.6785370614,23.5555356676,17.2599998906,21.4223738986,25.0149336273,20.942163994,17.9181962499,25.1741952557,25.414418532,20.7758661661,23.447947557,19.5333241386,22.9484317349,21.6414662778,22.7676993584,23.7381691203,22.6586040704,26.9319136958,25.5806770976,21.7250897273,23.8759236848,26.179443079,22.2151584658,19.2285309721,17.5848686402,22.1234593764,20.7254199657,14.5808272671,18.0598568467,23.6881467991,19.4446334239,14.9626680856,18.775040476,22.7629320632,19.2505630143,18.0125354892,23.5673127056,24.6318347591,23.0550587084,18.5911421247,23.1817172151,19.0942326951,16.0543813226,17.371934083,16.6078140946,13.5125425792,14.7205981239,13.4275054525,17.7128859839,14.0980379549,18.9357085794,22.0391119457,17.675723781,21.9612132683,20.3907356988,19.5219095651,25.1595784918,26.6465435412,28.5046291157,26.4489031959,31.6495080927,27.0254399852,26.3662944943,23.1659653134,19.8532363499,19.2238788136,14.3689483693,16.9652513164,19.8164016107,14.5977464461,11.8499285724,17.550117404,14.4960241025,10.2876144373,12.9605701855,15.4227385157,12.8051130707,10.271738583,13.5748767527,16.9914273262,14.3850053919,14.030017704,18.3294886238,21.220135983,21.4863265983,24.8873072406,23.485021466,26.5187861383,29.2528642005,28.2270451699,29.5257629111,1AUG ,1
E,E,E,E,E,E,E,E,41.0,E,A,0.22869955157,41,E,A,0.22869955157,E,0.6298,E,1.487,GLU,41,1.17976140741,1.36072640256,GLU,41.0,0.905234013506,1.06540385168,0,1AUG,E,41,E,23.8869747813,17.158267457,18.9285752762,10.80682728,11.965849706,6.53349610798,9.01072085389,7.30263606749,6.75439153072,11.9146784632,12.1078562756,14.814381728,18.9759370732,20.1212260466,21.5218455548,21.1174502427,20.3282807726,17.7993983783,14.296443187,17.2749810136,13.1862492094,8.49231344283,13.9704019871,13.622554422,9.46907887141,11.573771733,15.5128990489,12.45228377,7.31726922012,9.54751077497,12.852715748,16.4592940162,19.0564558457,20.910596947,20.8645994273,16.9051686523,13.3188278156,11.6510254884,6.96193654326,6.09667702031,0.0,7.64518391044,7.65146593328,10.6533815427,14.4809529029,15.3579222861,19.6784286249,20.3659886911,14.0005770165,13.2543096182,14.3887209086,12.8424971847,8.52981667344,9.17705820478,14.4706984693,9.96750215338,5.59193027468,9.8881319619,12.9282929192,5.69298332677,5.43841094966,12.7772831026,9.76915511145,15.0109229361,14.4248918756,10.7092813941,12.5228811245,11.0609269048,11.9076212632,14.5579878129,18.3207264353,20.5330671177,21.9397295965,25.2539922621,23.7663124842,29.6381146566,27.8806428499,21.259973341,22.3622564242,21.1446657442,20.6294016808,27.2586583248,24.8964578653,21.5436625178,25.0094619036,25.6390684332,26.5177680459,22.6008958112,28.2583109519,25.2603668096,24.3970887233,25.7570319274,25.4643482842,19.9291578229,16.9663096989,18.2216107763,21.8424668992,21.2077261221,27.6170052866,24.1031146912,29.732852932,28.851274395,25.7187761353,27.9715631469,21.625277459,23.4999286155,26.06258098,28.8938514687,26.8406629028,26.2674001714,29.1514575133,26.7628690736,22.4012501858,27.1485797326,20.5526968622,18.8809731364,17.6800065756,21.7430132631,22.7389920095,29.4912033921,27.2717161526,20.9584865863,25.1865074225,29.2480328038,25.7303931759,22.6653591613,29.5948782754,30.4780621746,26.4753975803,28.8328402445,24.6625284154,27.4694402681,25.8762724142,26.1959968067,26.4348884395,24.5320391587,28.6950538869,26.1189146068,21.9425150226,24.0271626316,25.1263705181,20.776543435,17.1273473437,17.0145565354,20.9649887821,17.7752159387,12.4344899153,17.8258131253,21.5621873175,17.0474566477,13.4050732064,17.823603188,19.9414598986,15.6518173179,16.4857288624,21.7478898346,21.0899425648,19.3410115513,15.576500426,21.4196460766,17.8268445721,14.9703400938,19.147205189,16.9360151389,14.1689474727,15.2864770786,16.2707299253,18.9624530312,17.1060859253,22.3429232017,24.0010152782,20.9273716418,25.8193800767,23.7449907058,21.6393884449,27.99889008,29.2950485388,30.0867207962,27.9822520783,34.083109339,29.6060521327,29.3925224722,26.8313590396,24.1027854911,24.0827411053,18.68686488,22.238718453,25.1023439418,19.0450221922,17.2801048783,23.4157584441,19.6798407774,15.0379062828,18.8801874326,20.8548959924,17.4829911991,15.0212887797,18.6356766968,21.4962637699,17.9794676761,17.7456411497,22.3713731986,25.0486566044,23.7885082412,27.7733139077,26.2073755775,30.0205408685,32.4982286473,31.6445278411,32.6475513902,1AUG ,1
Q,Q,Q,Q,Q,Q,Q,Q,42.0,Q,A,0.311111111111,42,Q,A,0.311111111111,Q,-0.05726,Q,0.8878,GLN,42,1.19682169133,1.40326969946,GLN,42.0,0.881779860105,1.0861257361,0,1AUG,Q,42,Q,30.4665643691,24.1607851848,25.4758955156,18.2399503797,17.617603898,12.6921066024,12.5677721511,9.10568887753,5.82689820583,8.33921291542,5.30893300327,7.29474291657,12.6253916961,13.0317852809,14.1161260726,14.1918715652,13.0796862533,11.3048763039,8.35924420967,12.3665471788,9.2449380496,4.38174599163,9.34716099083,11.3981179091,9.23331578239,8.48709010968,13.5398854176,14.2863789696,11.2971358467,14.3437276593,16.7467192859,21.2434085564,22.9119937736,25.5797648482,26.4880274908,22.2257049951,19.701596627,16.4144927613,13.6021898365,9.91514032391,7.64518391044,0.0,6.25475146815,6.85215802279,8.99270171376,11.0952400638,16.4149062694,18.2144813152,10.8860302411,11.3440331632,14.8179208082,13.3893779207,8.8200083009,12.0836395112,16.8595427306,13.9974988232,10.9736607428,15.6068358439,18.8465638158,12.1402077341,13.0710831926,20.0170216154,16.6934291232,21.9481891319,20.0724948392,15.8337511431,15.85053279,12.9801965784,11.6017732965,12.9866161242,13.7568639793,17.3104104363,17.5598596451,20.9562320692,21.4380826878,26.7324464512,26.4393760133,20.4880562802,21.1882957564,21.9434797536,20.3102303547,28.8504076407,25.5228814542,22.4851389933,24.5885886387,25.9805903275,24.9974685692,20.8003962937,25.2524217414,21.3729888206,19.8320140753,20.1652861661,19.7009576304,15.1352283977,10.4656543881,13.3292915502,16.1805295106,17.1185644641,22.6976617331,20.8168026063,26.2112809551,26.0654213735,23.6891352603,27.4642023152,21.3169040391,24.6780133602,26.2086610896,29.6045265866,27.993924511,28.2921106176,30.0773590343,27.8562757001,24.7746602462,29.1971028286,22.8923662702,22.1652701473,21.0329607863,25.5734380792,24.8263308201,31.5335802541,30.9983724607,23.4789398987,26.3679350711,30.8833740026,28.3909694356,23.679528615,30.111974863,32.4628176777,27.8247749083,29.314355359,24.2807367238,26.1694654494,25.7372170435,25.8120840503,27.0418672457,23.7390564123,28.8910921793,24.6062987439,20.8573557414,22.1019610856,22.4078606274,16.5541802527,13.5152151372,14.1081290882,19.8091316124,16.4157146813,12.2364283704,18.6855379343,22.5470455055,17.8254710996,16.3332689231,20.6354864445,22.4210005482,19.3249503103,20.9776861892,25.643070922,24.4272045405,23.8377162431,21.2779128036,27.095126419,24.388744437,20.9314575061,24.5251520037,21.2949113792,17.4767904426,15.2423880543,17.0251852603,17.0217896997,14.7954772443,19.5639312578,18.8859432963,16.345777881,21.5575279576,18.7508815469,16.0030785765,22.7498983811,23.3709233365,23.3612876841,21.77567436,28.6225775451,24.6005721778,25.4578148723,22.8718774241,21.6337897405,21.5634103277,15.5370891042,20.3348938008,23.6174344339,17.0008626192,16.4888311099,23.9385658179,19.7882710594,15.4705800452,21.2406133171,22.8154210652,19.7014769749,18.4950802661,22.6200836582,24.9400922989,22.1409640796,22.8569827719,27.3173760503,29.4854917537,29.1419652925,32.4209208547,29.508342596,33.1538329885,35.4543562453,33.6086827184,34.0289001261,1AUG ,1
V,V,V,V,V,V,V,V,43.0,V,A,0.0,43,V,A,0.0,V,-0.6132,V,0.4031,VAL,43,1.49654622911,1.47669929009,VAL,43.0,1.15587151605,1.14608670068,0,1AUG,V,43,V,28.3048173459,22.8059410871,22.6664937445,16.8380774178,15.5748301218,9.81258748774,11.0923728713,5.20551130325,4.55081294019,5.01550045956,6.89537725979,11.013371964,12.2677804718,14.1157439251,16.1289401106,16.3948676477,17.3866766835,15.3117553999,9.62104471463,13.926091759,9.09189157298,8.39525993689,13.2119599198,12.8195944543,9.63736628147,13.1383477976,16.890269831,15.2305138293,13.3054821789,15.5174107194,17.8612559215,21.9660606345,23.0130467834,25.3392040736,24.8959043011,21.0506570301,19.0962334967,16.1177390887,13.1951277357,10.6744837397,7.65146593328,6.25475146815,0.0,5.03554426818,7.44115599243,8.66855446666,12.2547968863,13.8878203986,9.2777783917,6.4117253478,9.04699483675,9.06416616118,5.48430127117,6.45115035013,11.6614191912,11.4311426175,7.83836305143,11.2092201122,15.1860276326,12.0926630609,12.1509440547,17.2667176448,13.4283726218,18.9542979127,16.6456345818,11.3244151324,12.4084329653,7.95333025538,9.0927141428,10.0338863358,13.5239291593,15.1551724776,16.0167417236,20.0416762364,18.3734303384,25.2309517169,24.2447760059,18.8414172047,18.2383478571,18.4348673318,15.8441299054,23.9622601122,20.0349610411,16.6010879919,18.9271537592,19.9509929093,19.6366416362,15.6499012684,20.8072389459,17.6493723299,16.9873819646,18.3354639588,18.2331603124,12.7389606015,10.6791992262,12.4891295397,15.1609331586,14.5158938223,20.1179761766,16.7908418185,22.2735526426,21.4975288294,18.8889249894,21.8284115517,15.4633538037,18.6582218935,20.68662175,23.6727205014,21.9311073404,22.038839103,23.9550128062,21.7759528052,18.548431862,23.4508459921,17.6714800934,16.8243977566,16.5592453233,21.6301548674,20.4494493443,27.2708530157,27.6411526306,20.2443150578,23.2361980458,28.0218862275,26.1879792107,21.8311921725,27.7813999944,30.5818728875,27.2919198703,28.436979504,23.6424101382,25.0973030862,23.6068442792,22.8972773913,23.0566567385,19.705738135,24.2787046284,20.0040674908,15.9392909797,17.5486789028,17.8618504051,13.1849976906,9.48149838578,9.99006811387,14.3521202162,10.9175799685,6.14616343549,13.029429412,16.3553693155,11.6197382009,10.4151757141,14.666856628,16.2421769216,13.6307301592,15.3509338747,19.6451177081,18.590520432,18.483411879,16.4160732886,21.8755160629,20.0309548154,16.2605897587,20.4968392302,16.1847534126,12.5163177911,10.4243338187,13.7167419727,13.4148028447,13.5481349728,18.6411518864,18.8404018722,18.0945474914,23.3043986417,21.5173724512,17.4639340241,23.9413241503,25.7968314744,25.6580275703,22.7581943427,29.0998779638,24.7918933613,24.8024999792,23.4413743274,21.4868135766,22.8672602718,17.7810662729,22.5732553058,24.381218117,17.3326720875,17.8337427291,24.3628286528,19.239243431,14.5788794833,21.2785545755,21.7762627906,17.7446925944,16.7578490613,21.2956066747,22.574956677,19.1374906638,20.4226140159,24.9651384722,26.518814917,25.2604253289,28.5533673116,25.2474872095,29.4463815128,31.4580420794,29.8233761719,30.0583477489,1AUG ,1
P,P,P,P,P,P,P,P,44.0,P,A,0.0943396226415,44,P,A,0.0943396226415,P,-0.9195,P,0.1361,PRO,44,1.31442284842,1.38594286984,PRO,44.0,0.996311841886,1.04828771702,0,1AUG,P,44,P,32.9369039403,27.0543177781,27.2814872275,20.6840438233,20.385822387,14.2848028148,15.9477917082,10.2401903848,8.85666975521,7.33450148571,5.0773566015,9.99674298413,10.8279833019,11.9284504651,14.0456815415,15.9886469361,16.4420490225,15.6697381743,10.7568246278,15.8973267794,11.9156635959,10.6540807959,15.0955896006,16.2501224096,13.7876960722,15.1735569082,19.7527365561,19.4918402203,16.7378610611,19.3963720194,22.0150073153,26.2242146623,27.6460597118,30.0257164947,29.7414878793,25.8482346467,23.4095803421,20.6882199923,17.2128489693,14.7192478342,10.6533815427,6.85215802279,5.03554426818,0.0,6.35337130441,4.86823908619,10.6161697543,11.5150763756,4.64625200959,5.38047218695,9.41040247231,7.77726731878,4.85336522149,9.42642514188,12.0097882123,11.6169851466,10.3096185843,14.1839382483,16.9400023747,13.8306789862,15.281008951,19.9667104325,17.4146176154,23.2696196236,21.4461772576,15.818824194,17.4216589703,12.6396340019,13.6027428996,13.8574425504,15.5571379225,17.7115273295,17.620283264,21.892612021,21.1409938575,27.9680032696,27.7744828544,22.8990701938,21.8685261974,22.817488067,19.4023348821,27.9034606059,23.0885105689,19.4535619901,20.7459258403,20.7864905999,19.9411529464,14.9099578394,20.2366963466,16.2205550903,16.8027318052,16.6902361997,15.3500330887,9.62175151834,7.56142206209,7.74948917014,11.2989483651,10.8134599061,17.6330194616,14.7765407299,20.5051528415,20.521996547,17.3551306058,21.5024745363,15.8559809135,19.1736560042,19.9252653732,23.8147831866,22.5050465688,23.874314309,25.5473284706,23.940060777,20.9961416281,26.7918372563,21.8087003909,21.0441692234,21.2821321139,26.4815579495,24.9029078287,31.6302781971,32.569236908,25.0968407027,27.7334484994,32.6428973417,31.0989316838,26.4365430677,32.1270311653,35.3571924721,31.8798379096,32.8324320957,27.7928038912,28.8541420601,27.7854280582,26.8281805227,27.0818529814,23.044364117,27.7203998454,22.2649032049,18.5002627875,19.5172585977,18.3936562981,12.7440423111,9.07400552836,11.7516099345,15.9721948977,10.8916994268,8.96749105946,16.4523910619,18.0387849844,13.493737763,14.1108492707,18.1424496974,18.0228503736,15.5186378849,18.8628130052,22.4625014496,19.9060389999,20.1015416901,19.1081576202,25.0163207004,23.6264015911,20.1502314167,25.2216055488,20.5384849916,17.1169886762,14.3222928589,18.2794263981,16.4628921103,17.058625219,21.7392675653,20.1623908421,20.1512112848,25.4496691207,23.0947502987,18.6219019365,25.2794878161,26.5002409705,25.3749855177,22.9594449658,29.9966166516,26.1683930374,26.9575210581,25.7923095733,24.7637113388,26.019698964,20.5862982622,25.7800929876,28.0112377382,20.8839109493,21.6282774094,28.6371851833,23.5781648429,19.0799709947,25.8985579697,26.5414386643,22.6318110438,21.730627513,26.2400686633,27.5839587444,24.1599780836,25.3988538206,29.9709787981,31.5279921841,30.0341696781,33.3922029825,29.9101018695,34.2152237879,36.0932598554,34.3015650908,34.2756156949,1AUG ,1
T,T,T,T,T,T,T,T,45.0,T,A,0.046511627907,45,T,A,0.046511627907,T,-0.8922,T,0.1598,THR,45,1.52929197698,1.48518279341,THR,45.0,1.12680218637,1.09783370934,0,1AUG,T,45,T,34.816790859,29.7615387547,29.2256735734,24.0967071459,21.8453194357,16.8849399101,16.5678732323,11.1810616335,9.5072681999,4.52889652897,4.45421176131,7.63522721872,4.92429697022,7.15423451884,9.59525854649,10.9213145306,13.3963871585,12.5240896156,6.63611554838,11.6749847676,8.4875426099,10.9108908119,13.2175748021,14.0884798742,13.1863735635,15.0699818159,18.4561866965,19.3236378314,18.9133887258,21.3896837183,23.1247100903,27.6203675199,27.8846266839,30.6927545273,30.8017701996,26.8950061967,25.7157456422,21.8762769243,20.0026628344,16.3940651511,14.4809529029,8.99270171376,7.44115599243,6.35337130441,0.0,5.75006392504,8.74011770595,12.3473382665,9.44325968807,7.29247591548,11.8144973557,12.6017241233,10.5964241107,12.6795032055,16.0601518725,17.4828813819,15.0505469525,18.1389428511,21.9017703544,18.9640571048,19.4441806299,24.5857170511,20.6576584333,25.9103273895,22.818842971,17.7426412164,17.3546492302,12.6567458536,11.806313664,10.6523382488,10.3799240192,12.5140174722,11.7048591502,16.0267174134,16.1904243029,22.560957207,23.2003839669,19.3217376496,17.7398806713,20.0752802483,16.1523533875,25.5809754597,20.7012261732,17.9811125636,18.3089651097,20.2519733919,17.5564053902,13.7513382571,16.762440729,12.6645583171,11.1777021789,11.3857025106,11.4473975652,7.41722402211,4.38179742275,9.05544913216,9.29491823841,10.6212076071,14.0680751737,12.920420114,17.7371632809,17.7798336228,16.5601281894,21.0487962484,15.5282586305,20.2478797677,21.0182637843,24.2425032799,23.1244091063,24.1055140571,24.5643878284,22.74265819,21.3423981568,25.4317410093,20.6430434488,20.8494671859,20.7963282497,25.8974828904,23.0305906772,29.3246488161,31.5611557635,23.5360550599,24.9498898487,29.9841318166,29.4316339144,23.8640805178,28.7342212228,33.0473073591,29.6761873923,29.7968332621,24.4878898918,24.6455711343,24.1753269372,22.9463213035,23.8825352555,19.0829856347,24.3200572593,18.115549939,14.97790664,15.2847783791,14.317002211,7.78820259123,5.49261494348,7.44325239837,13.3209117624,10.4321351163,9.05220555424,14.9775247907,17.8328416086,13.7494285854,15.2378631095,18.4735796273,19.5437020432,18.6539870337,20.7138179171,23.9557061423,22.6205814385,23.6903276574,22.7673521042,27.7188844529,26.7119230276,22.7230081597,26.1697321533,21.3110271398,17.2749635003,12.1383379607,16.0782159908,12.2156040445,13.1495439959,16.9847846372,14.2300616752,15.7141380004,20.794035065,18.8653030938,13.3784653974,19.6970937868,21.3421837034,19.9805688616,16.9647508482,23.8760398767,20.1868877735,21.2087473645,20.6195835623,20.3473465986,22.2513442416,17.5118264477,23.0653670274,24.5412388523,17.4162780959,19.569387973,26.4232866946,21.0196423899,17.1887320109,25.0608888764,24.9327818708,21.2778053673,21.4597579167,26.1216683219,26.7042273298,24.0144057402,26.0246210276,30.2397377924,31.2040483589,30.6704916221,33.1941290761,28.7124096883,32.6380702729,34.3179884386,31.7840054717,31.328471566,1AUG ,1
V,V,V,V,V,V,V,V,46.0,V,A,0.0172413793103,46,V,A,0.0172413793103,V,-0.5758,V,0.4357,VAL,46,1.36446224161,1.40978382975,VAL,46.0,1.01779237915,1.04587398852,0,1AUG,V,46,V,36.5679040188,31.1704453011,30.7129161472,24.9325330865,24.0964504132,18.1333549751,19.5947143157,13.5160891916,12.55789847,8.62803270953,7.13832085298,11.523121945,8.92478924845,10.288194422,12.8498852997,15.8411140293,17.410277267,17.3430146559,12.1311336416,17.3271004691,13.7803435704,14.4875599184,17.9657419729,19.0670638928,17.2415419036,18.9216539851,23.1086020529,23.2565186635,21.3411935034,23.9023740657,26.2792330903,30.5342895629,31.4705686055,33.9289210747,33.3951708981,29.6463321791,27.6855533148,24.7513813835,21.6568305277,19.0639974885,15.3579222861,11.0952400638,8.66855446666,4.86823908619,5.75006392504,0.0,6.63620039977,7.90462441908,4.70299706482,4.82459312286,9.24102302946,8.76639542576,8.44928949954,11.9609661458,12.8825645171,14.8435870644,14.248906665,17.2192514336,19.8488651031,18.3997744661,19.7680564864,23.5961154031,21.0468552268,26.8029855017,24.5750159606,18.716995928,20.1626785596,14.7971252567,15.9246571709,15.1348142096,16.0766859291,17.5478905468,16.8125710978,21.3151820762,20.5599902405,27.6937754247,28.0696112373,24.2949183678,22.242593456,23.9421600122,19.4242286554,28.1008687438,22.3751477791,18.8710506533,18.9157287092,18.6717954004,16.8661146448,11.5414357888,16.3596095634,11.9459391873,13.759720403,12.894310488,10.9761952876,4.88991507887,5.75263382267,4.51713088009,7.00405731896,6.11203135307,12.9425104677,10.3327656823,15.9742196701,16.4413630942,13.4619185192,18.5010543306,13.657575474,17.615640523,17.3943708279,21.5167765178,20.6624519372,22.8544804002,23.7732791002,22.6355001979,20.6521591058,26.5192341739,22.6224618428,22.2935464351,23.1447335162,28.5145375988,25.9702178193,32.3783920637,34.6532894961,27.0597154623,28.971274328,34.0569391668,33.4064956758,28.3970747503,33.3009047409,37.4111251716,34.4367312919,34.7907151295,29.6523225284,29.9166720124,28.9249585769,27.3644502465,27.4436287189,22.6939491982,27.2350007182,20.6897050138,17.4237468507,17.8075835078,15.4267368017,9.65320980085,6.52383330396,10.8050975376,14.2106018674,8.70097577967,9.74576142464,16.6008027365,16.8759617909,12.9630667979,15.5842947841,18.864281082,17.8126898957,16.6331296101,20.4565699405,23.0526204987,20.0383636645,21.2052133175,21.3506361679,26.7662932349,26.3157631258,22.7464896803,27.8071245522,22.4237394422,19.0834234186,15.1164606271,19.9626417829,16.3566537778,18.3921326154,22.4335246539,19.6787921738,21.4182953608,26.5240464801,24.4160272603,19.0074438153,25.243677028,26.6627588183,24.7068395671,21.929590697,28.9499256229,25.5286460436,26.5572288144,26.3243795784,25.9157102471,27.869863891,22.9215381191,28.3960617983,30.0295085364,22.8345986546,24.5561876732,31.3910916669,25.9364389783,21.7369997238,29.2678278963,29.2917060672,25.2541954891,24.9204686041,29.5853500667,30.2430282195,26.9128968326,28.6534863348,33.0866252572,34.1301633102,32.5150151522,35.5266689967,31.363046431,35.7793192636,37.3278146491,35.2329642042,34.7542088769,1AUG ,1
F,F,F,F,F,F,F,F,47.0,F,A,0.00416666666667,47,F,A,0.00416666666667,F,-0.7019,F,0.3257,PHE,47,1.50931868522,1.40353369797,PHE,47.0,1.07370326105,1.02243063579,0,1AUG,F,47,F,37.7296517193,33.4591190422,31.6936554406,27.7848573258,25.8639344126,20.5044943235,21.7641776394,15.6538330023,15.8641133588,10.5310454879,12.3724795567,16.1371242753,10.3426335155,12.8755490924,15.6656027506,18.1089693773,21.4589093544,21.0553290302,14.9543251424,19.3584134245,15.7923115527,18.9054818273,21.7505498051,21.5817041427,20.0297466266,23.4174929562,26.602926262,26.006869964,25.4828707704,27.5501115144,29.4829428557,33.5237368734,33.5927764076,35.9479260665,34.7281797478,31.4202330668,30.4141268987,27.3428598775,24.9931035078,22.6387301194,19.6784286249,16.4149062694,12.2547968863,10.6161697543,8.74011770595,6.63620039977,0.0,5.22753109717,10.4847927346,6.7050561339,8.85372401808,11.3311404989,12.8621567398,13.56996951,13.5429353072,18.5539410854,17.6521694632,18.9662900957,21.9831847535,22.9411681681,23.4865883805,26.0787731555,23.000762108,28.1924976596,25.2975952721,19.5507231263,20.7266581295,15.1034190997,16.9612249643,15.1303747852,16.7292600897,16.1973968594,15.5024633907,20.0568567399,17.8385451625,25.7012581312,26.0473907547,23.7853817974,20.3102820995,22.3137124662,16.627331425,24.6449196981,18.0386440549,14.886192901,13.4870169417,13.3582225153,10.4411999593,5.49742670774,9.86603797429,6.09660448143,9.89469465519,10.1526555911,9.427147693,4.74168097211,9.94476444565,9.41267221779,8.52475321319,6.00623076526,9.02729865398,4.58927005317,10.0938748889,9.92785180605,7.82946571534,12.8605038621,8.71519788603,13.6908225958,13.231298636,16.6043712356,16.0920856502,18.5189700467,18.3726744163,17.6319557873,17.0968722125,22.437122399,20.1556870646,20.4094528483,22.0966021822,27.4227746272,23.7811278506,29.5314233273,33.4836604665,26.1853388839,27.2604100139,32.3818381197,32.9350446145,27.9980137655,31.6840002709,36.6615492016,34.8968367074,34.5388825526,29.6834911767,29.0601254496,27.6085412538,25.1902782424,24.5601304063,19.4015111405,23.2145407509,15.9463122122,13.3374839157,13.1754094604,9.565915352,5.93586165635,4.34192835426,8.80741229507,9.33045922394,4.81152525113,9.50481867275,13.856260687,12.6194448445,10.1000452571,14.833963829,16.647292911,15.1306920871,16.1712388543,19.4814291819,20.6969780778,18.2193960679,20.6621145138,21.8140906021,25.9242520921,26.7120708643,23.0209291624,27.5100956914,21.4390366366,18.4962101665,13.7561955694,19.4242021088,14.3374705293,18.6860449541,21.9369001695,19.3401243809,23.0400124841,27.6742072074,26.534248089,20.3141589771,25.5623483015,27.9901749014,25.8874174648,21.9978484787,27.9997935,24.73795838,25.1619375756,26.3789217597,25.9230963435,29.0844633254,25.2584085838,30.6159116718,30.9299810311,23.9081429784,26.7061802998,32.6142402079,26.6549205336,22.9073290981,30.9692196248,29.9435806955,25.676052164,26.0479337201,30.7443086648,30.2448763451,27.0305839474,29.4496839448,33.5157955114,33.7114165151,31.8632844655,34.2777563863,29.3502298872,33.8687985094,34.9103588049,32.6414065993,31.6506898387,1AUG ,1
Y,Y,Y,Y,Y,Y,Y,Y,48.0,Y,A,0.384030418251,48,Y,A,0.384030418251,Y,1.043,Y,1.847,TYR,48,1.1696301729,1.25055384715,TYR,48.0,0.805548692822,0.912570076766,0,1AUG,Y,48,Y,38.5262372364,33.985815773,32.3999465748,27.9904604377,27.3133449445,21.3699663425,23.9151949628,17.6433360706,18.1844942106,13.9508057035,14.8568592737,19.2456743033,14.6903297319,16.6572360999,19.3854831218,22.4400857344,24.946250708,24.7704756733,18.8643683641,23.651307774,19.6702463217,21.4201121628,25.1288259026,25.1560943152,22.9000312904,26.095033357,29.8744356353,28.7006160893,27.0126097599,29.0830056178,31.487266784,35.2771616935,35.9556152958,37.9907162131,36.2929866546,33.1412115069,31.4612797189,29.191822625,25.943830798,24.4209501888,20.3659886911,18.2144813152,13.8878203986,11.5150763756,12.3473382665,7.90462441908,5.22753109717,0.0,9.49971822793,7.48520046292,7.81388820642,9.10333313144,12.3275921683,13.5666681779,11.0253450247,16.5844448345,17.2086034409,18.1763457059,20.0035340603,22.39473754,23.5008179954,24.8327132566,23.0505594763,28.464146634,26.452884044,20.3354418296,22.9534550156,17.2260811032,20.2402834605,19.0115119904,21.405708802,21.0334700816,20.606428725,25.1961994412,22.5354152164,30.6821269251,30.6149804889,27.965438569,24.6289906353,25.8429605973,20.3136658496,27.340778609,20.5703814806,16.7825301068,15.7551438964,12.954768339,12.1387296056,5.98991018969,12.5989155989,9.65535291232,14.9782628542,14.6321163641,12.6041278096,7.50592759734,12.8902235234,9.43023371194,10.3818021782,5.58606208775,11.7193688647,5.85346266846,11.4137814639,11.481554178,6.45629746038,11.4515067748,8.46269395237,11.5867121046,9.9217712742,14.4892802655,14.2006146912,17.8506177667,18.5547365633,18.4967545097,16.9864891867,23.9835526146,22.286888296,21.9003062222,24.1510269764,29.5178288043,26.5515931555,32.3931448906,35.8758294271,29.0843340025,30.7994728849,35.846089618,36.0137935036,31.6587728992,35.643407201,40.1187439573,38.5143028623,38.5373475002,33.8320049885,33.588619765,31.7395526495,29.3364104585,28.1097512793,23.4262840048,26.5943670566,19.8597550837,17.0720849446,17.314590612,13.5468475691,11.1600048571,8.95435529296,13.3048852697,12.4328788712,6.13960877794,11.4684579896,16.2744625143,12.7916289928,10.697046258,15.6275575811,17.4765342803,13.895493137,14.4843543334,19.3087011319,19.9439369829,15.7626912392,18.1856691162,20.3408712224,24.7459853001,25.9535596731,22.810848439,28.6012059283,22.4180600896,20.2132722299,17.0001761716,22.7907582631,18.7163768849,22.9648361663,26.660242189,24.4250390085,27.5649490444,32.4086873439,31.000449127,25.0291068283,30.5829129259,32.7705959017,30.5566193937,26.9836500282,33.1811404456,29.9206118624,30.3055819626,31.3308592196,30.5685569095,33.5078890534,29.2906684549,34.5959651303,35.2396605787,28.1088590523,30.3288595872,36.3211698222,30.4391189813,26.3340028207,33.9337725527,33.2034952562,28.7172223838,28.5395484581,33.141393846,32.8882781476,29.1749347263,31.2080793689,35.4226831109,35.810434144,33.0631638377,35.9649204032,31.6116328546,36.4604481776,37.4774426348,35.7395658779,34.9102230851,1AUG ,1
K,K,K,K,K,K,K,K,49.0,K,A,0.39406779661,49,K,A,0.39406779661,K,1.216,K,1.998,LYS,49,1.05591600495,1.21979745543,LYS,49.0,0.766824766037,0.914004633608,0,1AUG,K,49,K,36.172081686,30.1701093083,30.4107601083,23.5512276501,24.1371811649,17.6810988963,20.1920942816,14.3630016487,13.3981472619,11.4481688055,8.6969022707,13.2442420931,13.0124733344,13.674638362,15.8481750068,19.0016319546,19.2463523492,19.3094911495,14.8499287366,20.1154806952,16.3728205338,15.0224291979,19.3719195906,20.8700351094,18.3922697828,19.3250956372,24.1848285575,23.9816144081,20.5996723549,23.2747912267,26.1601849393,30.1979726318,31.9293993392,34.1330396891,33.5130918889,29.766869801,26.9441784612,24.7673359852,20.7258960407,18.8502678342,14.0005770165,10.8860302411,9.2777783917,4.64625200959,9.44325968807,4.70299706482,10.4847927346,9.49971822793,0.0,6.57527086745,9.75143994485,6.7331939246,6.33964747103,11.6412329155,11.5357933688,11.5992170823,12.426948274,15.9131645822,17.4557210063,15.727021059,17.9488287487,21.3938334391,20.0690144956,26.0944805903,24.815227833,18.8483675492,21.3689026929,16.2797989565,18.016568625,18.0285013697,19.5596225827,21.4289426071,20.9983714183,25.426187656,24.5538464195,31.704788777,31.704472571,27.2341682963,25.7149145521,26.7074927162,22.7037636385,30.8747167284,25.3900810718,21.4584312279,22.1584896984,20.7929458048,20.2199243085,14.4240945872,20.3051285119,16.0843537592,18.4515999251,17.4108157551,14.8801232262,8.99215842974,8.96978373247,5.19394260941,10.0706277518,8.4578583919,16.8160279816,13.6571696868,19.4560909151,19.9791951155,15.8784939672,20.5258554531,15.8574578882,18.5831631397,18.2347397144,22.822059702,21.8752690681,24.3197910531,26.0571605469,25.0550904473,22.0716853841,28.8737273727,24.761616513,23.8418861629,24.7175808688,30.0261952249,28.3651547095,35.0081739977,36.316451685,29.0724816342,31.7003731252,36.668717396,35.3162527799,30.8012233995,36.2717949723,39.6605256642,36.4343146333,37.329314406,32.3059119502,33.1569417429,31.9802768729,30.7116084028,30.5819562626,26.3161745933,30.6443940505,24.6508277118,21.0724928382,21.8475757068,19.6321356441,14.2840049756,10.8407604,14.7327775424,17.6746283924,11.3922009196,11.7465286236,19.1326902837,18.8230587459,14.766715039,16.537003637,20.2615628236,18.4699326884,16.0364032685,20.7222187616,23.5606925744,19.6315207366,20.0281614099,20.1407408289,26.2257020977,25.419550626,22.33634899,28.3538214036,23.3061244682,20.3882853955,17.8451340716,22.3786705754,20.0069458274,21.4069709696,25.9025643343,23.6529843146,24.3239981425,29.5799237691,27.0894493922,22.3548109003,28.8959838711,29.9047715478,28.1102463497,25.8581429247,33.0874489206,29.5823041812,30.615389763,29.8392100067,29.1080303253,30.5073213258,25.0650376356,30.3290541605,32.5800000808,25.4273677897,26.2662395031,33.2723066638,28.1532490369,23.6424237342,30.407492737,31.0204076672,26.9731994983,25.9793256868,30.4553214731,31.7068160667,28.0334263016,29.2024289327,33.8127402539,35.3078374895,33.2033407101,36.7403449653,33.2959854268,37.8508160273,39.5672638335,37.9091579978,37.7334568799,1AUG ,1
S,S,S,S,S,S,S,S,50.0,S,A,0.0,50,S,A,0.0,S,-0.5626,S,0.4472,SER,50,1.46131353502,1.47915123902,SER,50.0,1.10478384835,1.14485133987,0,1AUG,S,50,S,32.5523346469,27.5720928908,26.5628753354,21.532830887,20.5488022471,14.5639302136,16.709196129,10.4078673947,10.7407100832,7.39563429184,9.0573855262,13.8440719506,11.5809530295,13.8005301693,16.4141017979,18.2060620475,20.1686547567,19.0885357281,12.9162771125,17.7296294708,13.1974284596,14.2553192257,18.4111809953,18.2037103805,15.5795405445,19.0103376304,22.7578866106,21.3266004537,19.6062119854,21.7042008005,24.0692965575,27.9824286962,28.7861290836,30.9477610475,29.7652065626,26.2994701403,24.5296797092,21.9529214356,18.8398846139,16.9676457097,13.2543096182,11.3440331632,6.4117253478,5.38047218695,7.29247591548,4.82459312286,6.7050561339,7.48520046292,6.57527086745,0.0,4.76891495776,5.93196216496,6.2988197474,7.59072204532,8.94795094543,12.2726539998,11.0266518591,13.0279088625,16.1064285092,16.2425035217,16.9137289206,19.8755536756,17.0568395033,22.6657299005,20.4402845933,14.4039095103,16.5177306297,10.9170975558,13.5075594472,13.0210352755,16.1372476086,16.6093297138,16.8315881603,21.3937460824,19.0250429886,26.875010202,26.3159588843,22.3106844537,20.1024844377,20.8572458022,16.449961798,24.3815917397,18.8208042062,14.9310151701,15.8801455645,15.4123926987,14.9113696064,9.89362215227,15.9569562292,12.7031235335,14.4492950851,15.2347410926,14.3695075258,8.1883558008,9.64715603718,9.00308835227,11.354794211,9.06418616947,15.2974965962,10.9079344255,16.6605242071,16.0734911565,12.7057798086,16.2564140797,10.4769235336,14.0191492611,14.9846347696,18.5647489406,17.2594480686,18.7686216969,20.2683618313,18.8730548789,16.2114653932,22.4135930768,18.4562788454,17.8202673544,18.9978009424,24.4130774898,22.1950016221,28.6969518316,30.7400092751,23.5390977503,25.8906799641,30.9135851164,30.155635389,25.7496465151,30.7046945101,34.4451730596,32.0828212703,32.6125174981,27.8250966394,28.3572612095,26.6096720736,24.944202168,24.338050566,20.1513205471,24.1806533592,18.4899607713,14.7280309917,15.8110945491,14.2808969239,10.0839294731,6.04139099103,9.20607843393,11.3677810597,5.60898623243,5.53664938552,12.6305043853,12.8679782254,8.56529176936,10.8854237169,14.2144354355,13.3306856294,12.0514391584,15.6432097996,18.3182055384,15.7427488873,16.8597792382,16.8444629597,22.0144352461,21.7385203525,18.1297313211,23.3883848816,17.8192785721,14.7962231482,11.7952467362,16.9461249359,14.343650201,17.0504123829,21.5067536707,20.4122018755,21.8682809729,26.9742602611,25.4045231308,20.1330370338,26.2874619099,28.4094692888,27.2014196417,23.8148416947,30.2301576335,26.3326571968,26.4984491124,26.4116431968,25.0405847723,27.3591606418,22.7442603258,27.8717067548,28.9899082083,21.7955817528,23.3502783058,29.5756120602,23.9471256282,19.5528726066,26.8699978915,26.6281915972,22.2618955926,21.7585902994,26.3865841434,26.7700700672,23.1114512533,24.8725538357,29.2801310275,30.1884238109,28.0920296189,31.2239896784,27.2803426302,31.9150079641,33.4358684356,31.7229607085,31.4129835962,1AUG ,1
L,L,L,L,L,L,L,L,51.0,L,A,0.0696517412935,51,L,A,0.0696517412935,L,0.6252,L,1.483,LEU,51,1.38934408367,1.43299680622,LEU,51.0,1.0401935172,1.10711921846,0,1AUG,L,51,L,30.7606607083,26.3112521935,24.6363520084,20.5246279705,19.9341478022,14.0449538363,17.3391829659,11.4058623825,13.0773864811,10.7832816154,13.5558885804,18.3526608979,15.9892587306,18.4454876548,21.1005190908,22.6135163515,24.7405263874,23.3129773325,16.8956230539,21.283329772,16.3675275099,17.4372992295,21.9571389025,20.8841614719,17.6774708322,22.1806845837,25.6139872434,22.8199184719,21.0065838658,22.581685833,25.0048165268,28.3730690258,29.1835528041,30.8846795651,28.7980856496,25.8255291959,24.1020591888,22.3113469163,18.9823009015,18.2862449107,14.3887209086,14.8179208082,9.04699483675,9.41040247231,11.8144973557,9.24102302946,8.85372401808,7.81388820642,9.75143994485,4.76891495776,0.0,5.03890894723,7.73983622651,6.08647565631,5.09703255555,11.1997228534,10.4958709689,10.5898161047,13.3042574916,16.3865033479,16.6382649851,17.6105907883,15.3436584475,20.6572847808,18.8601706532,12.6763380104,16.1518641109,10.6861075021,15.047623855,14.8114671184,19.4234963058,18.8966758744,19.72931857,24.2028190105,20.4046768381,28.7960119212,27.4665485382,23.6442318344,21.0907814253,20.8280874319,16.4320958578,22.792568627,17.1500496687,12.7509814451,14.3201793856,12.3453505708,13.8513723637,9.21901223187,16.4018950433,14.4125223052,17.0570344472,18.5523564638,17.8784868178,11.8572980978,14.3834028043,12.8434449977,15.2620773488,11.7902239592,17.7918651307,12.049615115,17.4391043042,16.130911017,12.0002713543,13.7576778396,7.91864099802,9.97255629241,11.8283180491,15.0259890742,13.3989403414,14.801249144,17.1137549373,15.9243084954,12.3474767263,19.7108350516,16.5659331646,15.4320785749,17.4932231745,22.8236819745,21.0020226234,27.3274687991,29.3490147087,22.9594451564,25.6993918068,30.5477500858,29.8360392815,26.2918555161,31.0034696325,34.3882832156,32.8819975502,33.5332769652,29.2242679604,29.8721988574,27.3536408719,25.4344324141,23.8475270149,20.3245420532,23.3332014177,18.5031387893,14.6447835297,16.21808971,14.9333229241,12.8852936691,9.21715114608,11.407602187,10.8242729254,5.17055478406,5.85068566004,11.2641548551,9.52989239292,5.55308424343,8.36377507194,11.1485517282,8.83576267143,7.6476467112,12.0538529231,14.0468503383,10.9750503169,12.3481998724,13.1039804937,17.9006881634,18.4008041241,15.1039992434,21.1644918481,15.2426198983,13.2633180779,12.0755061185,17.3824320166,15.7247190146,19.2852883451,23.7786801669,23.7808589964,25.3071379571,30.2749719472,29.1176704114,23.9382577051,29.8269686964,32.3984628415,31.464729265,27.7075935059,33.6071989205,29.5512434784,29.0886713827,29.3605384083,27.3304359948,29.9996987001,25.7843248636,30.5257020857,31.1513361626,24.1557995605,25.5447283971,31.022026379,25.3483693464,20.9427613676,27.7346173352,27.2023510794,22.5610308586,21.8366669738,26.2444695416,26.2425189599,22.166515515,23.8580526655,28.1439641119,28.8171923357,25.7748510352,29.1001726412,25.5014776862,30.4626359366,31.8012672545,30.6395522129,30.4128313966,1AUG ,1
A,A,A,A,A,A,A,A,52.0,A,A,0.356589147287,52,A,A,0.356589147287,A,1.883,A,2.58,ALA,52,1.12617469386,1.20161893762,ALA,52.0,0.838074092892,0.921076656419,0,1AUG,A,52,A,31.8051038266,26.3600326268,25.8599789304,19.9394805694,20.9365520475,14.3807857632,18.3501810291,12.597276803,13.4070134708,12.3744875509,12.7973889318,17.7500960102,17.0278659133,18.708915742,21.1493654532,23.2863459964,24.2119411214,23.2389095906,17.6739530447,22.5066784277,17.7698227272,16.8609779792,21.9350806443,21.8695058478,18.4189411733,21.455027901,25.7428131266,23.437866957,20.0693315514,22.032592705,24.9979608121,28.4024811439,30.1035682815,31.7616899489,30.0488645997,26.8329203569,24.0636458585,22.7695676799,18.4235144746,17.9856408876,12.8424971847,13.3893779207,9.06416616118,7.77726731878,12.6017241233,8.76639542576,11.3311404989,9.10333313144,6.7331939246,5.93196216496,5.03890894723,0.0,4.81970962146,7.04957080889,4.83125531488,7.50878048378,8.7974452964,10.4767597467,11.7235844113,13.6368313384,15.1201181604,16.3662079338,15.5411412832,21.3961651637,20.6098285795,14.4124043386,18.4617159544,13.4111346578,17.1904085733,17.5846000697,21.4577841468,22.0646735017,22.5992881946,27.0957180528,24.3005944973,32.2846972633,31.1791299392,26.6364682136,24.8283675835,24.5520563305,20.7218223132,27.3606514711,22.0724719765,17.6733517111,19.3253355504,16.8405843874,18.3264704624,12.9210894,20.2017777689,17.3311900558,20.1997005732,20.653620657,18.9853663657,12.6153265971,14.117977647,11.1825016597,15.1236120946,11.7983703455,19.6456045215,14.4498041887,20.2347892338,19.6688983573,14.8212474102,17.4565437551,12.4487441527,13.6223484228,14.4408501919,18.5166080952,17.1065218933,19.0861879751,21.794244812,20.809079578,16.748919377,24.4396064092,20.78432721,19.2712420396,20.8445173078,26.0590898164,25.0171444713,31.5801731738,32.5781834292,26.1929203083,29.4164327683,34.2009835693,32.7418880476,29.2355073919,34.6180770143,37.4697012674,35.2103810664,36.3325767764,31.8579989777,32.9821245864,30.8040895376,29.3306916453,28.1535867053,24.7103132451,28.0718729184,23.2073195733,19.2871948238,20.7646576339,19.1956867234,15.8219005603,11.8827705784,14.8054811504,15.6167631398,9.33978428792,9.25807375193,15.8104568849,14.3648566057,10.5278535838,11.7969758612,15.2941949151,12.6400165525,9.50311982413,14.8982327121,17.4386863478,13.1710807337,13.2956038323,13.7780758603,19.7653244516,19.4609942532,16.6985755339,23.601249925,18.3631492262,16.4195033016,15.808887918,20.5294545496,19.4296746849,21.7631953777,26.593807304,26.0980152319,26.7284757016,31.942239278,30.1197255179,25.3987166364,31.7807850263,33.6433613311,32.5318013632,29.4893641512,36.0440370569,32.0675772187,32.1191672733,31.6903743388,29.8751665024,31.7797696262,26.8212460929,31.6223538548,33.1762819059,26.1107381543,26.7411447806,32.8449375245,27.5715765202,22.8934239807,29.1435680735,29.4161572609,24.9685024192,23.6479511298,27.9338047012,28.8099661205,24.6141908184,25.6596703912,30.1918231091,31.4996927981,28.3908160959,32.2051633544,29.2677487705,34.153298831,35.7488587531,34.7519571713,34.7748556524,1AUG ,1
V,V,V,V,V,V,V,V,53.0,V,A,0.258620689655,53,V,A,0.258620689655,V,1.124,V,1.918,VAL,53,1.2029530809,1.27368498193,VAL,53.0,0.915700675283,0.99401239337,0,1AUG,V,53,V,29.9024840672,23.8893800734,24.1849211652,17.2933377386,18.180260342,11.5673087546,14.9362991881,9.48425822433,9.4308808197,9.89053712748,9.48189742146,14.178230853,15.3706068717,16.7434417031,18.8623691183,20.4000239657,20.6371619518,19.3685775959,14.351327844,19.0546677352,14.462728087,12.3311247111,17.6379711156,17.9421593205,14.4495844658,16.795194364,21.3019310511,19.4117811329,15.6686833456,17.9393292092,20.9651118369,24.6489474104,26.5687145035,28.4632812777,27.4977871148,23.8865638768,20.8925507769,19.1898138548,14.8237005333,13.7778717075,8.52981667344,8.8200083009,5.48430127117,4.85336522149,10.5964241107,8.44928949954,12.8621567398,12.3275921683,6.33964747103,6.2988197474,7.73983622651,4.81970962146,0.0,6.22555528719,8.38871704438,6.89929466606,6.1242388277,9.92476716638,12.1326507146,10.3099894574,11.8935221548,15.4290476133,13.759488566,19.804560981,18.8536863416,13.0093497351,16.2044503905,11.690654684,14.3117450297,15.2919010452,18.7380492521,20.2541713654,20.8635335978,25.1165040274,23.176970443,30.4693603211,29.4306988977,24.1477937257,23.2579697991,23.0504434001,20.0786393073,27.4216218294,22.9248876537,18.8527972446,21.0280356881,20.0613325919,20.7925756705,15.7492752614,22.2336788258,18.9039478661,20.1672847255,20.6863290712,19.3829458484,13.1848020405,12.3695477175,11.177044545,15.3086205495,13.4760263501,20.9838301003,16.8242740749,22.7048322434,22.2290161303,18.2154382907,21.2274284276,15.4898897758,17.482945184,18.834899367,22.5781625329,20.9741009333,22.0749502867,24.6569229798,23.0764706682,19.0520823605,25.6640808342,20.7103714413,19.263906538,19.8127385691,24.9030759126,24.2497232986,31.0667964923,31.1969965027,24.4271064988,27.8463109275,32.5629740328,30.5149346979,26.7602327011,32.726274378,35.1958276964,32.1319655832,33.5467555696,28.9284611603,30.4888528889,28.7279821075,27.8314798932,27.381391046,24.1033955224,28.122649327,23.606855838,19.5070112357,21.0979969407,20.3638831609,15.9115335256,11.8559929267,13.9982797449,16.7691617093,11.4012723137,8.77254450884,16.0165821898,16.9165764331,12.3992952727,11.9228304659,16.1890871875,15.554269218,11.8832787785,15.7252363114,19.514831214,16.5983210195,16.0448196161,14.8093507305,21.1181424563,19.567736382,16.5058904968,22.5995699378,18.1022742227,15.4335966293,14.687536729,18.4990097714,18.1725580259,19.0113119043,24.0769249714,23.7991646243,23.2794238843,28.5515993349,26.4365985323,22.3713874255,28.9841802867,30.4942552364,29.8229201475,27.2112618082,33.9226070668,29.8126347776,30.0292840445,28.8159348461,26.9709953799,28.2186493885,22.8858738022,27.5891775407,29.7235023364,22.7497420301,22.826314024,29.3138172906,24.3976641973,19.6403628214,25.6048338616,26.4153809058,22.2746939979,20.740431534,25.0136313847,26.5346778402,22.5954833702,23.3804226052,28.0398792224,29.7979397364,27.4850102458,31.3266583754,28.5850461155,33.1331599059,35.0604470264,33.8943449037,34.1698718611,1AUG ,1
L,L,L,L,L,L,L,L,54.0,L,A,0.00497512437811,54,L,A,0.00497512437811,L,-0.4355,L,0.558,LEU,54,1.41331071652,1.43537859225,LEU,54.0,1.09341333712,1.13678448379,0,1AUG,L,54,L,25.3650373206,20.4280122079,19.350340261,14.5426522666,14.2048174307,8.02170919557,12.0296700002,6.83672053046,9.21342298829,9.95917244192,13.0527485004,17.4431285913,17.4770720397,19.7574504579,22.0559212145,22.4748310597,23.8333961576,21.6177020017,15.6421872309,19.4285175841,14.2597793214,13.9378909965,18.9506722047,17.3543522413,13.402501352,18.3596122304,21.5718535124,17.754894776,15.4938920912,16.7684223405,19.2985131012,22.4555735769,23.6352329393,25.1906518371,23.2593315401,20.135179254,18.0537190096,16.5381407603,12.9587575245,12.8484454491,9.17705820478,12.0836395112,6.45115035013,9.42642514188,12.6795032055,11.9609661458,13.56996951,13.5666681779,11.6412329155,7.59072204532,6.08647565631,7.04957080889,6.22555528719,0.0,6.71918641395,8.58430719619,5.31559756853,5.67606872048,9.93241694159,11.438642388,10.836552181,12.8039216303,9.59857095978,15.2192454464,13.6945409037,7.47702380599,11.5728589627,7.05673678338,11.7343866254,12.8597059513,18.410282293,18.4761637913,20.0195899283,24.0815009212,20.4203225526,28.1733489861,26.1551489837,21.0659308316,19.8498956841,18.5461659462,15.9151861071,21.9607753513,18.010259618,13.9020231179,17.174861529,16.6524762937,18.4704492701,14.7657258499,21.1936161758,19.1563771253,19.9348391816,21.946547221,21.7772517382,15.7465071249,15.9257328167,15.8036495769,18.8312078877,16.4533585858,22.5115301599,17.5002397747,22.8987514768,21.4294876147,17.9421909142,19.1509029904,12.9193797312,14.3584078839,17.3195306669,19.7642409454,17.6683341759,17.3563877302,20.341488608,18.3251048929,13.7879271708,20.0238529424,14.9852098737,13.2151711069,14.142152818,19.2408676347,18.8312207965,25.5549520087,25.7009602768,19.4577287428,23.1721190006,27.7374106292,25.8753632502,22.8569758811,28.4980321772,30.739539247,28.7188475469,30.0732423465,25.9980797136,27.5914902929,24.9572087004,23.8526614779,22.591367645,20.129891832,23.37063665,20.1572161408,15.8848550323,18.1158266974,18.5406537937,15.9608100514,12.0951155341,12.5091579065,13.6660684986,10.1189112301,5.75372765413,11.1067365748,12.6689512477,8.3146200321,5.89089709383,10.2610994664,10.921378175,7.37241705308,9.64015706093,13.8580663833,12.6322885616,12.1347343495,10.1516455966,15.6909715439,14.436448741,10.8823685418,16.8537018619,11.9539395568,9.71260462189,10.7221060084,14.4568703664,15.3895419869,17.1295960422,22.1752008135,23.6256031163,23.3715152775,28.3306474627,27.1295970666,23.0216138123,29.0922996956,31.5461756371,31.5516598423,28.1109048097,33.8769284915,29.4130556226,28.6361917798,27.9096502806,25.1158473457,27.0667629423,22.6661293545,26.838833939,27.8822016685,21.1834627552,21.4924981568,26.7896487458,21.6162130447,16.9645815957,22.7410684751,22.8151402989,18.2977349609,16.8440080073,21.061530284,21.8268321768,17.5743591633,18.667716494,23.1748519293,24.4897098128,21.7001153795,25.4794219942,22.7793237597,27.5252883234,29.3395805281,28.5344239342,28.9332107522,1AUG ,1
R,R,R,R,R,R,R,R,55.0,R,A,0.339416058394,55,R,A,0.339416058394,R,1.878,R,2.575,ARG,55,1.10656838918,1.25268799201,ARG,55.0,0.816671666761,0.982150085677,0,1AUG,R,55,R,29.53631424,24.833048933,23.5307724839,18.9285059998,20.0173806638,13.9607312085,18.6531619646,13.4971923962,15.4477150866,14.8304128215,16.7888589076,21.6889325333,20.5231265226,22.6527095089,25.194754303,26.8255823785,28.2075922219,26.7504415672,20.7419775267,25.1209657611,20.0602902481,19.7005963639,24.8364884981,23.8035614024,19.9983694098,24.2463053245,27.9737145198,24.4120657874,21.4154456209,22.7499020027,25.5736347339,28.406274112,29.919211065,31.1368882182,28.553906234,25.8904147463,23.4014148679,22.7805504564,18.5817871245,19.1675031188,14.4706984693,16.8595427306,11.6614191912,12.0097882123,16.0601518725,12.8825645171,13.5429353072,11.0253450247,11.5357933688,8.94795094543,5.09703255555,4.83125531488,8.38871704438,6.71918641395,0.0,8.1318801984,9.29148762464,8.33006652094,9.16865055018,14.6390479099,15.2523633043,14.2637063024,13.8596725387,19.1375082838,18.7098142206,12.6997995513,17.7397561922,13.1280295704,18.1177789155,18.6252412189,23.7253733458,23.4168296104,24.5066136648,28.8956884429,24.8749833915,33.2189131003,31.4064520071,27.0893542466,25.0146882254,23.8582178982,20.2229535558,25.3024558854,20.2670585802,15.7042527153,17.9814384636,14.598988224,17.7546123887,13.2528026158,20.8278264926,19.0750488868,22.1488722134,23.438308825,22.2941248615,16.0856257153,18.2658869862,15.6718650782,19.071265358,15.2193807034,22.1917850064,16.1719238491,21.4531812188,20.1716890694,15.2334223469,15.9606226395,11.2250120875,10.6315532686,12.6149111511,15.8378015532,14.0566437631,15.5136442063,19.0095546038,18.1274183978,13.2581699716,21.5772313201,18.6486783173,16.7145634668,18.9748048273,23.9293623119,23.3033196606,29.5646647669,30.4904011598,24.9690108097,28.4635752298,33.0079490233,31.6337092574,28.9530316102,34.0191612915,36.5266457521,35.1270901034,36.3059360967,32.3224819811,33.512964775,30.6593062421,28.9957216683,27.0045050968,24.2637310476,26.7011905862,22.827629306,18.919365644,20.7922425203,19.7111557202,17.957054206,14.2170479619,16.2546580378,15.2724599297,10.0372386788,9.91726745001,14.5383171307,11.897499446,8.93847612407,9.75911835594,12.4714287625,8.76965144566,5.03788507693,11.2933982545,13.1676099367,8.50372601364,8.5244144839,9.8185383543,15.3605219189,15.851005475,13.4881240278,20.958046856,15.6035243295,14.7681884919,15.749022473,20.3620188409,20.0887121589,23.0962910654,27.880658875,28.4397585367,29.1999110099,34.2432488568,32.9118971735,28.2115457595,34.3036145322,36.6955115709,35.9403603622,32.4330990615,38.4377869754,34.2663598477,33.6858129457,33.5995284097,31.1649454689,33.4538507444,29.0036154571,33.4178648553,34.3758592715,27.5567385888,28.1574645383,33.430922382,28.1335553067,23.5642185096,29.3176755864,29.220724912,24.5988224967,23.1781510675,27.1820865811,27.6048324667,23.1363426296,24.1420903477,28.4469799697,29.4690254013,25.5452490135,29.4599671502,26.9004228206,31.9839093498,33.4006168321,32.9222059752,33.0440203008,1AUG ,1
E,E,E,E,E,E,E,E,56.0,E,A,0.578475336323,56,E,A,0.578475336323,E,1.88,E,2.577,GLU,56,0.867685012272,1.12602706293,GLU,56.0,0.634457863329,0.881924460273,0,1AUG,E,56,E,27.9135562971,21.5862867462,22.5038345001,14.9264262388,18.3810751927,12.0284201313,17.2194453759,13.3700625479,14.2191610409,16.2484123658,16.051360522,20.4063554323,22.2690931389,23.5397903196,25.5538209785,27.0171906314,26.6512391843,25.2329982028,20.6986756958,24.9823951438,20.2885985299,17.0344785891,22.7028157195,22.6339973622,18.4914230641,20.828934911,25.2650977039,22.0244457717,16.8586742615,18.4917060561,21.9725721987,24.6598805867,27.5106650849,28.6281362346,26.9182100087,23.8578000133,19.8349081934,20.0148973623,14.544534888,15.7902360592,9.96750215338,13.9974988232,11.4311426175,11.6169851466,17.4828813819,14.8435870644,18.5539410854,16.5844448345,11.5992170823,12.2726539998,11.1997228534,7.50878048378,6.89929466606,8.58430719619,8.1318801984,0.0,5.51770167404,7.78190758069,6.73899863736,7.67756612318,10.0202692528,10.5123996672,11.9433081797,17.6743603072,18.6754937176,13.4645471452,18.4722930795,15.1689566027,18.8665980727,20.5203964353,24.9375423374,26.1516235537,27.2216252083,31.3562947552,28.6550779378,36.0898155971,34.3074565403,28.6400798449,28.1069245807,26.7097891398,24.4805998578,30.1605558219,26.2726129578,21.9454370809,24.8843055019,22.5590243554,25.029676422,20.1168182146,27.3878041152,24.6208942524,26.5846611587,27.282087694,25.7241671389,19.3910648197,19.1033079757,16.7847500247,21.4279752684,18.8058893185,26.8988912655,21.9372914036,27.7250126859,26.9931608047,22.1471614518,23.9081400672,18.8125243532,18.7529070923,20.4187350885,23.9367168193,22.1503619245,23.0796497227,26.7735924307,25.4336996427,20.2186430412,27.6400388071,23.0348854977,20.7481735982,21.5885523936,26.0985105631,26.860420494,33.5075865207,32.3351444256,26.8299492321,31.1174788781,35.4022089624,32.6031742721,30.1164471541,36.3412914255,37.6806263582,34.969797883,37.0240813662,32.9839437203,35.1556398294,32.8201130688,32.129118672,31.007797824,28.6900845275,31.8888933795,28.4853776809,24.2679347333,26.2800175743,25.7740521781,22.2793650034,18.1845116747,20.020304233,21.4390182225,16.1516367305,13.6930230732,19.594382559,19.3758790356,15.5873448755,13.8682796923,17.7740888423,16.1651220478,10.919275095,15.3172883096,18.9673561572,15.2902040095,13.0969473471,11.5774008637,18.4169516504,16.4629883429,14.7746630537,22.2259197197,18.626487358,17.4133725985,19.1815845016,22.3565670495,23.573895679,24.3221858112,29.5664491958,30.2582401715,29.0736969935,34.2466226751,32.170428577,28.7105943401,35.2944330052,36.7963418839,36.4493525964,33.9378956894,40.4945950995,36.2196318513,36.0699411536,34.6452241769,32.1581656123,33.1076627806,27.8282146083,31.8636726584,34.1540185469,27.6105857513,26.7605903181,32.5749302396,28.2017006543,23.4199465001,27.784566413,29.0388655782,24.9664715364,22.5981912079,26.1728795039,28.1322693367,23.7540566779,23.6253953905,28.183906965,30.3467203089,26.9480327175,31.4609282364,30.0436544527,34.7046309968,36.6934170757,36.4023347869,37.0909158453,1AUG ,1
A,A,A,A,A,A,A,A,57.0,A,A,0.0387596899225,57,A,A,0.0387596899225,A,-0.004335,A,0.934,ALA,57,1.20093210665,1.26589273498,ALA,57.0,0.933039430806,1.00814176516,0,1AUG,A,57,A,24.158553885,17.9805956447,18.5931422273,11.3450748845,13.31935711,6.72507127889,11.7172891483,8.2253164241,9.50703175876,12.6350974512,13.770768034,17.7502662673,19.953743541,21.5684382793,23.4992331837,23.9034169767,23.935478,21.7610168062,16.9922047851,20.665636606,15.8610933578,12.9697356538,18.5362196809,17.6688775499,13.33949105,16.7851018748,20.582080427,16.750084484,12.4160253183,13.8746616467,17.0812152354,20.0368053083,22.3871597881,23.7454683512,22.297354711,18.9603232402,15.4928734609,14.8817417839,9.88443446849,10.7465366945,5.59193027468,10.9736607428,7.83836305143,10.3096185843,15.0505469525,14.248906665,17.6521694632,17.2086034409,12.426948274,11.0266518591,10.4958709689,8.7974452964,6.1242388277,5.31559756853,9.29148762464,5.51770167404,0.0,5.17040413865,7.96825754488,6.1492189442,6.37003292367,9.72341505868,7.97192245214,14.0308353929,14.0190191629,8.83843119431,13.1610998352,10.3745859364,13.7467762619,15.8000091834,20.6975245441,21.8304387204,23.3115925069,27.1399789359,24.3650714845,31.4075651491,29.3592241287,23.3972127655,23.3197694409,21.7109612862,20.1897474822,26.0477246695,22.9057422026,18.9643091278,22.4624606743,21.7335534431,23.6700791581,19.5296960451,26.0960180951,23.5333192448,24.0882162321,25.5565109553,24.9220988475,18.7938417646,17.6514292337,17.2858336624,21.215122465,19.293103688,26.2973513941,21.683375702,27.3684965006,26.2599986734,22.3895032462,23.9718550452,17.9795102471,18.8832477455,21.5015494358,24.3278813856,22.2507181227,22.0225436587,25.4075879175,23.4081283207,18.4500868038,24.5518164553,18.943076208,16.8146587998,16.8946497223,21.3782189184,22.220556812,28.9726336789,27.5006824604,21.6621458057,26.0067343535,30.2349555606,27.2870420166,24.6899700049,31.0844717343,32.3084964766,29.458917971,31.5306398758,27.5493806359,29.9031404406,27.5746908975,27.1680439215,26.3605581621,24.3741710515,27.8165148744,25.0546825316,20.7568017436,22.9920966853,23.5123055724,20.0647352767,16.0749965552,16.6678240455,18.8555525884,14.9059475218,10.4871860792,15.9332066699,17.8226535868,13.5999502975,10.3484880837,14.691482029,15.3367109821,10.4982646732,12.6808962713,17.4381324957,15.8328980163,13.9505981412,10.7961579183,17.1976703187,14.4657973016,11.7802046607,18.025056104,14.7022953346,12.8222459754,14.8128316839,17.2176915596,19.3158456415,19.4146551208,24.6998460155,26.2527885056,24.579349559,29.5958466859,27.8561144003,24.7140491531,31.0886757488,32.8931915012,33.1655521827,30.4455511807,36.5572150867,32.0671854284,31.5765797136,29.9332752643,27.0716874832,27.9986228067,22.9980042127,26.7965604369,28.8385218611,22.4554516237,21.5157325044,27.1059936037,22.7408907707,17.9811095438,22.3675364461,23.5355834963,19.4969810471,17.1589234216,20.8915725218,22.8716903471,18.6486906749,18.6856286234,23.3386441457,25.523887931,22.8546630845,27.1450740299,25.5314534879,29.9629094376,32.1210521508,31.6377568818,32.4593882978,1AUG ,1
I,I,I,I,I,I,I,I,58.0,I,A,0.00507614213198,58,I,A,0.00507614213198,I,-0.2369,I,0.7312,ILE,58,1.22263183291,1.27812765106,ILE,58.0,0.950414813562,1.0207976732,0,1AUG,I,58,I,21.5761298882,16.5055963645,15.7173950885,10.7423181498,12.4970271462,7.01998256718,12.7536996084,10.0473174448,12.7241710874,15.1762737886,17.8554003385,21.9806178844,22.993354061,25.1161578064,27.2739667832,27.4333939807,28.2220023077,25.7410533935,20.3349679333,23.6120572702,18.5503536674,17.0344130563,22.2693240581,20.3062537854,15.8842418272,20.7924058412,23.7499127283,18.6000752875,15.4050659358,15.8782087074,18.6265708863,20.7608217132,22.6252142473,23.4136959143,20.6997094563,18.1511155932,15.3302918106,15.5938780577,11.309379156,13.4435751246,9.8881319619,15.6068358439,11.2092201122,14.1839382483,18.1389428511,17.2192514336,18.9662900957,18.1763457059,15.9131645822,13.0279088625,10.5898161047,10.4767597467,9.92476716638,5.67606872048,8.33006652094,7.78190758069,5.17040413865,0.0,5.34239342246,9.72676782856,8.37355967691,7.34236546568,5.59352952279,11.0901542287,11.5116334525,6.3743689996,12.3819360836,10.1806403016,15.0527156959,16.9381553693,23.0251651898,23.0123879837,24.977475506,28.7347611681,24.6241115746,32.0872874729,29.3274426082,23.8294660266,23.2734423117,20.72540187,19.3614373113,23.4533814221,20.6882157035,16.7144260107,20.8103468917,19.5666509274,22.7408164625,19.4158315757,26.1262342619,24.5124131524,25.4360977002,27.6121275206,27.3575021957,21.2119930678,21.2352205418,20.6365190636,24.1694594365,21.5040576413,27.9718784186,22.5865781402,27.8788587451,26.1870980681,22.3180946287,22.4467930206,16.7907952111,16.5015363021,19.9892043333,21.9026296473,19.5665125655,18.5377959824,22.5050363518,20.5249978469,14.9484430799,21.2149784397,16.2775904105,13.6114784604,14.4661941556,18.6607613084,20.0093181255,26.4096050833,24.9085055589,20.1004864484,24.7123974078,28.6749401507,25.9405957662,24.3198103367,30.2035501235,31.1408727799,29.4507526536,31.4653691561,28.0731854782,30.3446856904,27.2334587604,26.5255468888,24.7730293002,23.541787793,25.9592081958,24.2310387686,20.0173582832,22.5894375047,23.5009348811,21.5534354278,17.7446716289,17.7935397727,18.1805760087,15.1535313904,11.1074413599,14.3784780718,15.4903261058,12.1702265261,8.00492970571,11.4828038344,12.0832414364,6.98900932399,8.22040270958,12.9274317721,12.1286122983,9.75415203652,5.76448302561,12.0279836608,9.66939143284,7.11892368857,14.5677686769,11.0729731705,10.6770308147,14.6125238884,16.975417769,19.7533709066,20.8936285086,25.9683581323,28.4550375676,27.3313317602,32.0992827219,30.9808477046,27.617195848,33.5857230672,36.0177900875,36.4885531258,33.190285283,38.7101096097,34.084860544,32.9407757188,31.8662788069,28.4323466883,29.97301643,25.7314160682,29.1349257682,30.2844772903,24.2126024944,23.5348750884,27.9936334731,23.5216346983,19.0194676548,22.9321171365,23.4414733482,19.1563104152,16.8285733296,20.2092282916,21.4364981452,16.8213244521,16.895792905,21.2789871103,23.0371183317,19.2826260026,23.7575773253,22.5561513102,27.2543649636,29.201198184,29.2958929311,30.2096547979,1AUG ,1
K,K,K,K,K,K,K,K,59.0,K,A,0.406779661017,59,K,A,0.406779661017,K,1.836,K,2.539,LYS,59,0.873108821593,1.02971386543,LYS,59.0,0.64562481867,0.804488572883,0,1AUG,K,59,K,23.4944213076,18.1603056176,18.1771975397,12.5305878209,16.5305525241,11.5448529701,17.4993378907,15.0121045395,17.1746527741,19.6054548901,21.195351643,25.5056632432,26.7980245647,28.6221493914,30.7805992819,31.5550518644,31.7949460797,29.7151319966,24.6653079829,28.2969519683,23.3058388095,20.8835621815,26.4029264493,25.0297495259,20.5522976819,24.4623472084,27.9263664016,22.9514870055,18.5503802167,19.0400068345,22.1549472764,23.7764609558,26.4139877122,26.7717540677,23.8133018612,21.6683721522,17.9792740032,19.4521105818,14.4370502513,17.3447008688,12.9282929192,18.8465638158,15.1860276326,16.9400023747,21.9017703544,19.8488651031,21.9831847535,20.0035340603,17.4557210063,16.1064285092,13.3042574916,11.7235844113,12.1326507146,9.93241694159,9.16865055018,6.73899863736,7.96825754488,5.34239342246,0.0,10.2429855372,10.3136049694,5.65148757072,8.96599403725,13.3969541463,15.5630080766,11.4309834298,17.5455936911,15.4738854685,20.2438108447,22.125412942,27.9003466997,28.1196063255,29.8758546422,33.7907307844,29.7735065194,37.3751644785,34.6541898484,29.147217254,28.576791105,25.9643979519,24.4619403777,28.0120267128,25.0630171459,20.8975459911,24.6919337279,22.0460859912,25.9521587719,22.124609024,29.4227119313,27.7120257288,29.5997734162,31.2539686618,30.3313970961,23.9817040337,24.3608791801,22.4907317666,26.6363911095,23.4918617173,30.8402559653,25.1386623362,30.5033087249,29.0391870743,24.3569704267,24.312946022,19.5303065204,18.0124574383,20.8771049011,23.1261230794,20.9714433549,20.6979539469,25.1697538587,23.7621419562,17.8169521595,24.9934112337,20.941773452,18.0677424739,19.3100632806,23.0633144307,24.8752891483,31.0010388919,29.0960300692,25.0493143079,29.8172563953,33.5874082785,30.6138081914,29.4585947008,35.3520316456,35.891794051,34.2465435193,36.5133072713,33.251579166,35.6564040906,32.5131021663,31.7965122393,29.8109519393,28.6344995041,30.7345050212,28.8844822409,24.7346534694,27.2018320064,27.4838581689,25.4928265912,21.5455376653,22.39398797,22.3213582642,18.3652523985,15.5474767603,19.1366039585,18.5847215941,15.8186469074,12.7637370164,15.6137043603,14.2343594858,8.63359298005,11.6178732348,14.9847574439,12.3779345776,8.76440062024,5.9606469136,12.5070710873,10.4740587364,10.0592268772,18.1735538114,15.3463206258,15.7825174874,19.7749907665,22.3104642461,24.8693309731,26.0875886935,31.2198205387,33.3289459108,32.1343034835,37.0183053549,35.5933963923,32.2864554479,38.4770122995,40.6211070654,40.8256055167,37.7703233812,43.6243292204,39.0788259018,38.1315933052,36.9880577471,33.666120144,34.9674087463,30.4316167709,33.7983183371,35.3287907909,29.3004155913,28.2738837228,32.787245023,28.6201207268,24.114028421,27.3818701356,28.2672465732,24.1650267052,21.5332423739,24.4464160037,25.989422851,21.3414546092,20.8336572914,24.9772008639,26.9538007189,22.4896134704,27.2795894352,26.8542717016,31.5588757695,33.423752347,33.9489965286,34.9376766278,1AUG ,1
K,K,K,K,K,K,K,K,60.0,K,A,0.597457627119,60,K,A,0.597457627119,K,1.883,K,2.58,LYS,60,0.88312176075,0.973535187154,LYS,60.0,0.657067407407,0.756266293004,0,1AUG,K,60,K,23.9761667598,16.6372298997,19.3821196871,9.92860144659,14.3563924517,9.2791990837,13.4851893535,12.2715551982,12.3448582057,16.9081058062,16.3906625407,19.4096071126,23.6104592826,24.5419069056,25.9838836528,26.229456617,24.8673973038,22.8014546616,19.6715255394,22.8801120034,18.8280296615,13.7296630246,19.1516361063,19.139983557,14.9817633794,16.1862573831,20.2960468876,16.8658135955,10.3799215025,11.9255639915,15.6669348011,18.158642195,21.8286268419,22.9352475628,22.3244648165,18.9081085667,14.0587942702,14.572705059,8.70583050189,10.5709009109,5.69298332677,12.1402077341,12.0926630609,13.8306789862,18.9640571048,18.3997744661,22.9411681681,22.39473754,15.727021059,16.2425035217,16.3865033479,13.6368313384,10.3099894574,11.438642388,14.6390479099,7.67756612318,6.1492189442,9.72676782856,10.2429855372,0.0,4.28585361902,9.61853996672,9.96260186272,14.9651219638,16.3755799081,13.014282974,16.5510164263,15.3133239955,17.2897350048,19.9232732668,23.946205778,26.0054016216,27.4003158185,30.866283483,29.010279417,35.1909704481,33.1767739163,26.5470460638,27.560149138,25.7910247491,25.2668371658,30.9817173396,28.5831427004,24.8498598278,28.5016933578,27.8457605527,29.7188791157,25.3560505762,31.8516579506,28.8825412369,29.0594468306,30.0928038699,29.1648667403,23.2328110376,20.8850267506,20.582918806,24.9838696331,23.6763510822,31.1243936488,27.024429471,32.8454646985,32.0297654155,28.0295912739,29.9375703999,24.0565621154,24.7686160055,27.1409538382,30.1874201671,28.1349663169,27.8887173458,31.4667302625,29.4152402852,24.2896586303,30.0338301909,23.9633492112,21.7153968888,21.025170064,24.7399703288,26.5926417495,33.2199403602,30.2494294758,24.9313984671,29.6509374631,33.4508294352,29.5025058144,27.3456002865,34.3018320626,34.4896487098,30.7596233594,33.5201188711,29.7383325124,32.7926666468,30.8843499523,31.1813961188,30.8902666395,29.3283528782,32.9734329259,30.6158349667,26.3386331144,28.5523359784,29.2348249476,25.1272310411,21.2006774678,21.7737740254,24.7800572693,20.7505041012,16.2282066596,21.6039121503,23.9442247402,19.743409793,16.0892265093,20.3175277445,21.1835130798,15.9604646594,17.6921549167,22.650618999,21.0385917357,18.3521536792,14.5964190943,20.8737482022,16.9677457125,15.3357588998,20.8528038683,19.1552065892,17.519214365,19.9125856021,21.1380077086,24.0890847081,22.7095117359,27.9620771865,29.5988501358,26.5178089126,31.3717026794,29.131252024,27.1862451879,33.6217960774,34.7008838911,35.3120562657,33.4083701273,39.697916507,35.2613941187,35.0576705705,32.5025524312,29.6657881766,29.464267949,24.0628516795,27.2284632549,30.3077824711,24.5602041317,22.3422647058,27.9823482868,24.7119461549,20.1813612174,22.7790963146,25.1058741409,21.843532436,18.8447107577,21.7641818268,24.9486249227,21.1000590171,20.088712142,24.5746860387,27.5872596854,25.3543059966,29.9024874892,29.3106982197,33.2677333857,35.7354430563,35.4979122411,36.7026552006,1AUG ,1
H,H,H,H,H,H,H,H,61.0,H,A,0.0982142857143,61,H,A,0.0982142857143,H,1.745,H,2.459,HIS,61,1.08684925036,1.09650192536,HIS,61.0,0.844587296738,0.865922593189,0,1AUG,H,61,H,19.9493773298,12.8165113402,15.267792193,6.04200781633,10.1616188341,5.90010910021,10.2366010452,10.4953026936,11.3824961402,16.4901000252,17.4258935703,20.2427476967,24.0967248656,25.4420920714,26.9279219428,26.3895093905,25.6197195425,22.8985392701,19.4114696964,21.9238023437,17.7647789421,13.4963031343,18.5839168839,17.4064977469,13.0257426553,15.7709416109,18.8506534218,14.0321341863,8.46328379315,9.04331724128,12.5428758574,14.7296525417,18.0892688562,19.0330139336,18.105706929,14.7467479598,10.1124046438,10.8249366471,4.93826241565,8.20022591829,5.43841094966,13.0710831926,12.1509440547,15.281008951,19.4441806299,19.7680564864,23.4865883805,23.5008179954,17.9488287487,16.9137289206,16.6382649851,15.1201181604,11.8935221548,10.836552181,15.2523633043,10.0202692528,6.37003292367,8.37355967691,10.3136049694,4.28585361902,0.0,8.17447115162,6.44828839801,11.0374186171,12.3140656822,9.90995231447,13.1293548158,13.0831400352,15.1043535164,18.0537368168,22.8396629935,24.3924431104,26.2702697186,29.4419595075,27.0326897449,32.995412224,30.4563549393,23.7312649786,25.0437195098,22.6593751449,22.9168266767,27.8737404768,26.3000507811,22.9139989855,27.0655923819,27.0982360374,29.1376712961,25.5063509787,31.6576236347,29.1820809912,28.7213148858,30.4761840996,30.2095127566,24.3721284429,22.1089359045,22.6616672297,26.5541706719,25.2421822927,31.9518830027,27.7155061802,33.3231038625,32.0873860076,28.5776142569,29.8431856633,23.7164579277,24.4405457072,27.528503126,29.9016130688,27.6357903366,26.5054552343,30.0879491993,27.7062585089,22.6110753482,27.4091258854,20.997620672,18.6890693272,17.5497552161,20.8397627167,23.2235708475,29.6681465764,26.1416429832,21.2023150557,26.1736276382,29.7043571232,25.51866882,23.871922449,30.8281504416,30.5768313617,27.1522653969,30.0542402272,26.6496485567,29.9349909487,27.7075476697,28.1962316888,27.7840303186,26.8843302737,30.2306859462,28.823754116,24.5956875149,27.0521400678,28.5086158641,25.040398343,21.279877834,20.9148732182,23.6849033892,20.7577502233,15.4485903302,19.5682433172,22.8408113266,18.8474019944,14.1562169007,18.0969216165,20.1921095927,15.2797610769,15.3601188669,20.7112914251,20.4754250215,17.7681168506,13.1069889572,18.6253901705,14.1894961078,12.374080726,16.905392864,15.9482660269,14.5211497596,17.8824658698,18.2479266379,22.2808997972,20.7083674966,25.8692940546,28.5771256348,25.2908865237,29.87874339,28.1618041134,26.4460452368,32.5212035603,34.0630533187,35.213677377,32.9471932597,38.6522050914,34.0187306456,33.2911235043,30.7623495688,27.3563099912,27.2949619605,22.4548882022,25.1277513283,27.6911341072,22.3156596675,19.9242928255,24.7973901233,21.6599761081,17.2921135195,19.2482123874,21.444714726,18.2283766567,15.0082087895,17.7057286002,20.8899969229,17.0426300708,15.8379444078,20.2974125522,23.3621912975,21.3002273204,25.8099336176,25.5175520582,29.296048528,31.842128147,31.7920537424,33.2021440807,1AUG ,1
Q,Q,Q,Q,Q,Q,Q,Q,62.0,Q,A,0.56,62,Q,A,0.56,Q,1.188,Q,1.974,GLN,62,0.806654859145,1.07545541435,GLN,62.0,0.59289050762,0.845526611103,0,1AUG,Q,62,Q,18.7598560872,13.0063121807,14.081240491,7.99357621429,13.543094375,10.4236433622,16.0353580769,15.6928474063,17.8430104546,21.6477421908,23.4258419914,27.1007368353,29.4823012916,31.2449256881,33.1466952681,33.1258199995,32.9807198106,30.4012018987,25.9774576847,28.8230270709,24.1299515963,21.0787608644,26.3016122104,24.5045513273,19.9801749412,23.8212916329,26.6245868056,20.8401062514,16.3315302,15.9919983465,18.9084397202,19.6222516563,22.7099277127,22.5495802406,19.5510573492,17.7540459931,13.5915548329,16.3383413775,11.5642018067,15.7607055306,12.7772831026,20.0170216154,17.2667176448,19.9667104325,24.5857170511,23.5961154031,26.0787731555,24.8327132566,21.3938334391,19.8755536756,17.6105907883,16.3662079338,15.4290476133,12.8039216303,14.2637063024,10.5123996672,9.72341505868,7.34236546568,5.65148757072,9.61853996672,8.17447115162,0.0,6.66591536468,9.41321401467,13.1003054788,11.1633745027,16.6427065163,16.4494015148,20.4900588417,23.0041186676,28.9395568443,29.3496303223,31.4918264351,34.9435618733,31.0430327253,37.8942583921,34.697239313,28.6610295576,29.0668540081,25.7631527196,25.6684685695,28.4609170704,26.9125798345,23.2515803035,27.697970506,26.0967530172,29.8703111704,26.5391774576,33.4179319299,31.761718715,32.6295871985,34.672257133,34.1867945953,27.9447754621,27.3568431735,26.4724148452,30.5662503494,27.9818030611,35.0302149889,29.6387248847,35.0120828542,33.3718062428,29.1790270668,28.9674596074,23.779421248,22.5684473733,25.9780508906,27.7186135736,25.3678410201,24.0439862819,28.5370023777,26.6481359088,20.7149713511,26.429291769,21.5547611192,18.5220383533,18.7440005617,21.4933444224,24.6230133885,30.4824120967,26.8627886812,23.7046515376,28.9866086412,32.1725796951,28.2819069795,28.019722298,34.243983586,33.5980628601,31.7683333603,34.6148220174,31.8937602325,34.9574771256,31.7771792066,31.7113056486,29.9596332867,29.7097088405,31.7199357674,31.0630847576,26.9104099267,29.616297057,30.8115778572,28.7458573444,24.8739195177,24.8416432353,25.4051396289,22.4028323111,18.3198269932,21.0652006022,22.1663810559,19.3442442596,14.7919714757,17.51163684,18.0588638363,12.8183431354,13.0685079045,17.2566669366,16.6800242484,12.8268961605,8.07899701777,13.0122126367,8.73659124318,9.33257394818,15.9688306876,15.2359889436,16.038280753,21.1653576806,22.2158177708,26.3070236455,26.3934694469,31.4570927361,34.573241775,32.2905346839,36.8515160752,35.5647624849,33.1892848757,39.1496741094,41.2364994719,42.1502309448,39.2981964457,44.7876998573,40.0717413817,38.8401614539,37.1102134916,33.2914105674,34.0123847987,29.7472001155,32.2801639987,33.9622176867,28.6931480302,26.7839423001,30.5217295762,27.2068603055,23.0345835599,24.5659700032,25.9821251395,22.444941372,19.249765028,21.2861291118,23.5058648445,19.0926832081,17.6326576365,21.5011248182,24.0818001854,19.8906458774,24.9319334631,25.6956220862,29.8817742877,32.0504166517,32.9967914761,34.4869008492,1AUG ,1
P,P,P,P,P,P,P,P,63.0,P,A,0.0,63,P,A,0.0,P,-0.9876,P,0.07664,PRO,63,1.24254092432,1.31092315986,PRO,63.0,0.976937868259,1.05343145375,0,1AUG,P,63,P,16.3771290794,11.0591840488,10.7009986162,5.8115023274,7.59264274699,4.59053886947,9.85899627892,10.2892439071,12.984935143,16.9729870067,19.9879534859,23.2696133494,25.3384754931,27.4139338706,29.2650093705,28.4302155868,28.9563174216,25.8544572322,21.1316735227,23.3333238524,18.6870183916,16.7821215215,21.4901935814,18.7974886239,14.3605697568,19.5822602808,21.554626394,15.2420567545,12.5570437345,11.966255927,14.2993306467,15.6915046814,17.6451480384,18.0702395055,15.2962577201,12.8322249407,9.97312760683,11.0351658547,7.43203873145,10.9559984101,9.76915511145,16.6934291232,13.4283726218,17.4146176154,20.6576584333,21.0468552268,23.000762108,23.0505594763,20.0690144956,17.0568395033,15.3436584475,15.5411412832,13.759488566,9.59857095978,13.8596725387,11.9433081797,7.97192245214,5.59352952279,8.96599403725,9.96260186272,6.44828839801,6.66591536468,0.0,6.07426410423,7.20390276069,5.12629493075,9.99639737187,10.6519549273,14.3639543182,17.0034564338,23.2689186012,23.3695698662,25.8103009779,28.94016478,24.9449223467,31.4447824781,28.1178700876,22.0409275856,22.643479805,19.2563395601,19.6949848466,22.875585069,21.8489487946,18.6504701236,23.3815189338,23.4439389586,26.3476759999,23.7386376636,29.744582088,28.2792197562,27.9643972838,30.6167277711,30.9361381219,25.0862796732,24.0926024093,24.6629501183,27.9790141226,25.9676424871,31.8666317907,26.9389711621,32.0864250459,30.2043985228,27.0087154273,26.9226423387,21.0140442931,21.0508385131,25.0155723797,26.3389143249,23.8474152028,21.6975581147,25.5278115017,23.0200187421,17.7179893985,21.9742271719,16.0069840666,13.2678029253,12.6368756208,15.7156891568,18.5529129915,24.6855746302,21.3502935028,17.2770510131,22.5037840299,25.8571001712,22.1309338286,21.4089964739,27.6922840805,27.4217047857,25.5398957864,28.1355661507,25.3191453303,28.3091623397,25.1250957705,25.1701018024,23.733042246,23.6232662349,25.9353765311,25.6679588304,21.5703033118,24.3647395093,26.3844836872,24.4842426057,20.9407333372,19.8518783059,20.9515039095,19.269046763,14.0290715369,15.8619785624,19.0017061212,15.8581704359,10.2349021385,13.1828751981,16.075436586,11.797454592,9.77303520268,15.1818479886,16.5344512388,13.90311687,8.5363626626,12.7740887208,8.3319592162,6.07085226,11.0860904504,10.1145642009,10.0276492335,15.3747729165,15.6771783545,20.4052694596,20.1761415183,25.0874425565,28.8393629303,26.5496193085,30.8842746663,30.0449758221,27.7147984195,33.2944992183,35.7548667351,37.0557882978,33.9225934313,38.8914578666,34.0912284755,32.5611810417,30.8860349028,26.8398378692,27.8274144162,24.0321053116,26.486990629,27.6286227742,22.4232054326,20.839294519,24.3556340664,20.7085671468,16.5955974862,18.6885907109,19.6373020254,15.8696288703,12.8688710073,15.4930174562,17.3982911757,12.9263554805,12.0804253601,16.44538682,18.8304132766,15.6294116113,20.3092025419,20.1739806778,24.304574351,26.6236267958,27.0656733867,28.5235541059,1AUG ,1
D,D,D,D,D,D,D,D,64.0,D,A,0.248704663212,64,D,A,0.248704663212,D,0.1635,D,1.08,ASP,64,1.05616304575,1.29310540493,ASP,64.0,0.805193367228,1.02635966636,0,1AUG,D,64,D,10.4889458154,6.87627744,4.87477369774,6.37745054263,7.11738526584,9.37438305064,12.3156424278,14.9481293054,17.7291190256,21.8569366814,25.4249030737,28.2630521828,30.3606117143,32.5761102651,34.3238028323,32.8334469983,33.5161365129,29.9988586565,25.5980406315,26.868184619,22.6457714084,21.2084524961,25.1657633227,21.6659735538,17.6719217087,23.2099419713,23.9617596477,16.6226853062,15.3863389793,13.4869784356,14.6455680701,14.2311783504,15.668506715,14.956954636,10.7551088309,9.88542361823,8.37799869471,11.2299103942,10.1082132513,14.2773903432,15.0109229361,21.9481891319,18.9542979127,23.2696196236,25.9103273895,26.8029855017,28.1924976596,28.464146634,26.0944805903,22.6657299005,20.6572847808,21.3961651637,19.804560981,15.2192454464,19.1375082838,17.6743603072,14.0308353929,11.0901542287,13.3969541463,14.9651219638,11.0374186171,9.41321401467,6.07426410423,0.0,5.5062678321,8.77231821559,11.6024001957,14.5149082265,17.6099639741,20.32309354,26.8378042139,26.4050861482,29.2935865628,31.8331623392,27.3279564746,33.0598853308,28.9499282977,23.0956521139,24.2720488197,19.8217215054,21.7916910593,22.641669603,23.4459681655,21.0745789956,26.2369514011,26.7990139672,30.1156149689,28.4119595896,33.926370428,33.058808119,32.2427536194,35.4449593252,36.239708743,30.605975757,29.6011551806,30.5843509455,33.6427708983,31.6530693986,36.9772179186,32.0109056266,36.7938170536,34.5464068747,31.7867954564,30.8297293145,25.2317678745,24.795597072,29.2821368056,29.7155558624,27.0990184937,23.8622780805,27.7527072061,25.0480900988,19.9751945576,22.3884213584,16.7213301546,13.9323287551,12.6501586583,13.5359243522,18.2057082318,23.2418076499,17.9899065544,16.2404539837,21.8308307895,24.1138772035,19.7104720414,20.8905474956,26.7368908107,24.979629376,23.99310479,27.0060355808,25.3507104078,28.758056512,25.1198660932,25.6090371869,23.8299948374,25.2124850658,26.5629028443,28.1356265948,24.4220907172,27.3861575171,30.223375197,29.1620475038,25.9523371215,24.1035612775,24.6416099938,24.1865445516,18.9211159925,18.7282157388,22.348355332,20.0614441297,14.0923050375,15.5508374164,19.4416401998,16.0238550147,11.9222391558,16.6258695134,19.7743590358,16.9772763545,11.4519677133,12.5837055579,7.2901229004,7.11287385099,7.84654250302,10.5640736614,12.1082688196,18.6123172727,17.371181267,23.4234977094,22.8620458762,27.191144687,32.1911017018,29.4883228122,33.1900856486,32.9280819663,31.2802116682,36.1932878271,38.948124788,40.8932543546,37.6395202115,41.7910057803,36.9094685252,34.762520714,33.0376345762,28.3492710862,29.2202726197,26.4261712452,27.7530125185,28.2589541224,24.2974850467,22.2601487859,23.8698968494,21.2202820262,18.0824538646,17.7906426868,18.5775765318,15.6183281097,12.4167871826,13.2340791802,15.0126927383,10.9583802629,8.83182591663,12.2086126986,14.854761353,11.2384521318,16.2026311169,17.9343223131,21.402688167,23.8234659015,25.1703616034,27.1883560133,1AUG ,1
I,I,I,I,I,I,I,I,65.0,I,A,0.0,65,I,A,0.0,I,0.6704,I,1.522,ILE,65,1.38223941861,1.53984775339,ILE,65.0,1.07326282541,1.23152964702,0,1AUG,I,65,I,12.4985738884,10.3083943906,6.68670226028,9.33859310263,4.65100425198,8.0164101019,8.94809401448,11.8901564931,14.9376906003,18.4497918373,22.9464422974,25.4873014172,26.8761706557,29.3372955301,31.0710170584,29.1066179425,30.5210827176,26.7736404228,22.0437013638,22.8133542899,18.7218644472,18.7856520146,22.0950525733,17.8791082746,14.2944768784,20.9469844284,21.0259338267,13.6667435237,14.6203490578,12.9397311749,13.3502490877,13.9675485477,13.711301655,13.9248189781,10.2390732564,8.54893398013,9.49167476455,9.42446196757,10.1620401909,12.5348265312,14.4248918756,20.0724948392,16.6456345818,21.4461772576,22.818842971,24.5750159606,25.2975952721,26.452884044,24.815227833,20.4402845933,18.8601706532,20.6098285795,18.8536863416,13.6945409037,18.7098142206,18.6754937176,14.0190191629,11.5116334525,15.5630080766,16.3755799081,12.3140656822,13.1003054788,7.20390276069,5.5062678321,0.0,6.25747107168,6.64015224591,10.6172315868,13.2249355953,15.6949403886,22.3904848968,21.4531593489,24.5371061163,26.8176260302,22.0910098097,27.6562977864,23.4662332284,17.8127480409,18.8611075465,14.3215469818,16.6778953314,17.8521562345,18.9807201362,17.1361532447,22.2841331427,24.1364440552,26.6396382234,25.5944653315,30.2388579382,29.6107012695,28.0130957756,31.6389016553,33.0216257635,27.8758491606,26.857732349,28.7230045104,31.0557137491,29.4387868781,33.6957244008,29.1656959359,33.5891361578,31.2059864846,29.2766718939,28.4334992024,22.5781870352,23.1000673247,27.7371490336,27.8964182799,25.3024773681,21.6864390332,24.8304408803,21.7413651445,17.5232909095,18.5908064707,12.0689861515,9.79400648175,7.48694076077,8.91463169528,13.0260130077,18.4833395014,14.1766458506,10.9369453783,16.4772545069,19.1739556393,15.3065968395,15.7491766383,21.5334276996,20.6348648766,19.8197861024,22.3039633075,20.4146244485,23.500539552,19.7331966774,20.1082914571,18.4853586519,19.911970213,21.4782244363,23.2844721744,19.7526406975,22.6988484066,26.099170028,25.3695205064,22.6097037145,19.9967365837,20.7124741087,21.419837893,15.8447146671,14.4776649786,19.552838936,17.2705161961,11.2300140678,12.3734247611,17.8347317927,15.5462550724,10.4109580599,15.371096872,19.4916253962,17.7992465944,12.8052887672,13.7188346015,9.92125505417,7.37676376799,4.94514284188,7.04309453112,7.64713315528,14.0232547536,12.0880840337,18.5018480961,18.0413021247,22.0779587473,27.47681438,25.1987208564,28.6900611424,28.881304998,27.0035559992,31.4997782452,34.6453984774,36.7147477825,33.1459352902,36.8286165915,31.9460690672,29.5427483147,28.1288297826,23.3325036426,24.7538210631,22.5031390302,23.9600392022,23.7222129773,19.6775123698,18.394216619,19.8212048631,16.4697362984,13.471088712,14.3807731868,14.1614107614,10.6228779308,8.02434327506,9.90713033508,10.6161872879,6.05092914851,5.61645629277,9.81401058975,11.7061316604,9.36893212301,13.5648898295,13.6214295393,17.3053740901,19.8018548532,20.450476982,22.2890914638,1AUG ,1
I,I,I,I,I,I,I,I,66.0,I,A,0.0,66,I,A,0.0,I,-0.7068,I,0.3215,ILE,66,1.49822752139,1.64299894418,ILE,66.0,1.17431581549,1.3104291777,0,1AUG,I,66,I,18.2772823534,14.4421221649,12.2134463486,10.2328667887,7.8855105188,4.73258469561,8.34475934801,7.47531057057,10.9985951781,13.6999412894,18.0694592914,21.4039119832,22.1567418062,24.6546279745,26.6651463457,25.6121609919,27.1347106922,23.9180718754,18.3917599079,20.4689566121,15.6229086435,15.7032412772,19.9431338836,16.601297002,12.4825923574,19.0431577298,20.5675126796,14.5111704077,13.9047687874,13.6434881024,15.2932935644,17.417931385,17.9339149638,18.9399771519,16.1907384328,13.6024924925,12.6723484239,11.6671519379,9.79111969091,11.1874311944,10.7092813941,15.8337511431,11.3244151324,15.818824194,17.7426412164,18.716995928,19.5507231263,20.3354418296,18.8483675492,14.4039095103,12.6763380104,14.4124043386,13.0093497351,7.47702380599,12.6997995513,13.4645471452,8.83843119431,6.3743689996,11.4309834298,13.014282974,9.90995231447,11.1633745027,5.12629493075,8.77231821559,6.25747107168,0.0,6.31129118554,6.12417661696,10.7399660363,12.8412479519,19.6670729026,18.9790605608,21.5727491837,24.7310517887,20.1337944007,27.0323199175,23.7158600703,18.1860327823,18.0044236138,14.7754113455,14.6414689061,18.2645793815,16.8593126316,13.7911581232,18.5653680492,19.527465852,21.9446745316,20.0093129435,25.3795547003,24.3149131836,23.6266453,26.7702770513,27.6270414224,22.1336079344,21.6407315548,22.8267844742,25.3564150762,23.4061017021,28.2465732421,23.4368688918,28.2054058608,26.0782525642,23.5782140109,23.3314730025,17.2176780582,18.0077841041,22.2453219725,23.1595820646,20.6635514921,18.1400935432,21.3941270069,18.6144517677,13.9130092725,17.540787678,11.239475145,8.79282670297,8.40420766459,12.6501646757,14.1346347192,20.615911686,18.9196586469,13.735939773,18.4797937737,22.3394511641,19.6453791133,18.1178418143,23.9342081343,24.8090944412,23.452518028,25.3122221716,22.2221753434,24.5682372089,21.1733100951,20.6987469814,19.06011371,18.611685778,20.9852288698,20.5673557969,16.5145360511,19.3599830424,21.7134795854,20.4318892553,17.2427206319,15.5247081256,16.2342332833,15.6401296545,10.1939853999,10.8141309868,14.9214433805,11.8410229931,5.81441269322,8.73409677355,13.0374982757,10.1841236539,6.91018358465,12.5216211401,14.8870042944,13.5807606906,9.22756944398,12.5709990412,9.87249834534,5.77597273499,9.59441926949,6.29209819373,5.02101528265,10.5141094949,11.3211579947,15.6717907148,16.3940643225,21.1339211483,24.9820706425,23.654358471,27.9265970075,27.5384067121,24.5325820079,29.8154313096,32.7878653753,33.9758090798,30.3265291689,34.9406005536,30.1453348258,28.3680885988,27.3347369947,23.3154290805,25.1570918722,21.8384929838,24.7005635184,24.9953229601,19.4229466432,18.9849621679,22.4728911123,17.9092040462,13.7764489073,17.6559373273,17.4771397659,13.0646983232,11.0728538622,14.6545114926,15.2554002964,10.6806710008,11.4722141855,15.8662683818,17.2785411776,14.479808803,18.4662834337,16.7730041429,21.2695559604,23.3821031527,23.2613628422,24.3417839644,1AUG ,1
I,I,I,I,I,I,I,I,67.0,I,A,0.0152284263959,67,I,A,0.0152284263959,I,-0.1841,I,0.7772,ILE,67,1.63992764847,1.75203882357,ILE,67.0,1.25854251955,1.37108221099,0,1AUG,I,67,I,18.331929348,15.4958946908,13.0678627903,12.8723624241,6.71739982379,7.41702530233,5.2180665271,7.28712825177,10.1092228282,12.8334198939,17.9382846101,20.0420340531,20.9331722577,23.4756898684,25.1252342057,22.832861578,24.8319785729,21.030786989,15.9938875667,16.5238750127,12.4652114178,14.1299728072,16.7883840012,12.2478584123,9.11892535519,16.6433747225,16.5651057959,10.3782989361,13.0562397549,12.4634545226,12.662325674,15.2047051948,14.0588605333,15.8295981345,14.2580813718,11.228307031,12.5189895419,9.21322687728,10.5939326426,9.94899840763,12.5228811245,15.85053279,12.4084329653,17.4216589703,17.3546492302,20.1626785596,20.7266581295,22.9534550156,21.3689026929,16.5177306297,16.1518641109,18.4617159544,16.2044503905,11.5728589627,17.7397561922,18.4722930795,13.1610998352,12.3819360836,17.5455936911,16.5510164263,13.1293548158,16.6427065163,9.99639737187,11.6024001957,6.64015224591,6.31129118554,0.0,5.73809045513,6.76105715965,9.13180100842,15.8004317234,14.910916318,17.9584249271,20.2608253434,16.0339283995,21.7278261758,18.1721156731,12.1666089748,13.0295596751,9.62706682831,11.4225373097,15.691401842,15.7603317771,14.1121018573,18.6327822966,21.8377767038,22.7655506499,21.7976813596,25.5553622663,24.6033364992,22.0616378033,25.7579275011,27.5532668387,22.9918664539,21.5663761654,24.4723198836,26.0731443415,25.1695529425,28.4970447001,24.795496303,29.0572614297,26.8915584451,25.7258860651,25.8638862376,19.5763428163,21.686449994,25.8769850438,26.4406942905,24.0612471108,21.0011985752,23.0939354591,19.7935008039,16.7226482299,17.4215277149,9.87520455492,9.00205362499,5.9088876609,9.74339295199,10.5654724958,17.0995744205,15.3801240954,8.59644049591,13.157471335,17.1281370375,14.40665181,11.9443251535,18.1839529207,19.3185074664,17.4902906811,19.1194014944,15.9141602854,18.4354569146,15.2179556996,15.3556765741,14.7870774659,14.8158732117,17.8764284344,18.3351601713,14.7289034652,17.4428789817,21.0389368947,19.7508435971,17.4055769081,14.1655153248,16.2294466174,17.5320148745,11.5386974174,10.4546405086,17.2902085551,14.3364405569,9.14752192201,11.0579195471,17.1469433061,15.6624086475,11.6226675076,16.5665380218,20.0710208731,19.4909825353,15.43514918,17.587992522,14.9459106671,11.0878549589,9.8089950573,8.17347793127,4.86633983098,8.33233468161,5.93069161067,12.2765201155,11.4758582462,15.7543287109,20.8420432272,18.9722092147,22.6572061708,22.8961604273,20.5260553874,25.0363003041,28.3100313301,30.2307374828,26.5276921171,30.2975353784,25.4192719579,23.2412640264,21.916139222,17.4574815677,19.365620134,16.9453826031,19.2821526623,18.8938927576,13.8001667248,13.6581971246,16.5008339012,11.6983871745,7.9348351176,12.4398425283,11.5576885683,6.9466677854,5.91038189076,10.2872652675,10.4238572583,6.78875781087,8.91097969575,13.0258049298,14.1484782577,13.9263351048,16.643735724,13.9654140989,17.6746418051,20.082244422,19.1420520385,20.3092467229,1AUG ,1
C,C,C,C,C,C,C,C,68.0,C,A,0.0,68,C,A,0.0,C,-0.2785,C,0.6949,CYS,68,1.71231253628,1.78735365809,CYS,68.0,1.31672277186,1.38763245581,0,1AUG,C,68,C,23.0472239002,19.3730350934,17.2552600678,15.0184578319,11.0996572701,7.63983739937,7.95918231768,4.21908065122,7.59388869936,8.34176853803,13.875407432,16.941887183,16.6183590065,19.3634248429,21.4032168579,20.1652967746,22.5239626935,19.3804221135,13.2159290213,15.3795663164,10.4052063933,12.6657750253,16.1868258906,12.8472088207,9.51059528988,16.4991584853,17.9383731537,13.5588846068,14.4730997225,15.1001869054,16.3448413048,19.6223253209,19.2548589944,21.2086968158,19.644697168,16.48210531,16.3849654432,13.3150597995,12.4363367356,11.0744267355,11.0609269048,12.9801965784,7.95333025538,12.6396340019,12.6567458536,14.7971252567,15.1034190997,17.2260811032,16.2797989565,10.9170975558,10.6861075021,13.4111346578,11.690654684,7.05673678338,13.1280295704,15.1689566027,10.3745859364,10.1806403016,15.4738854685,15.3133239955,13.0831400352,16.4494015148,10.6519549273,14.5149082265,10.6172315868,6.12417661696,5.73809045513,0.0,5.87341014001,7.06313942014,13.9469900688,13.0931256281,15.5141054726,18.8990666959,14.6513728874,21.9079406527,19.3742705119,14.1909555767,13.2201238052,11.6215061708,9.99185605614,16.5445351789,13.9328523306,11.0811188129,14.9742562322,17.4574874213,18.0781483635,16.3336571757,20.6868605683,19.3558087376,17.7630836069,21.0795222266,22.4316292852,17.5409765338,16.892748426,19.2123162742,20.7951366006,19.5342742922,23.2141477287,19.2091701918,23.7537963985,21.7921104592,20.2170540029,20.9607989809,14.4497199788,17.1227949773,20.8167069289,22.0120073494,19.8080098617,17.8441079442,19.8053150137,16.8691022664,13.735483778,16.6333056428,10.0235955691,9.2321018446,8.66036243898,13.880296943,12.7093667541,19.5805573489,20.0602941166,12.9362813803,16.2889317803,20.9691309743,19.4751160323,15.9456332304,21.4789493964,24.0782281149,22.2582453686,23.2213955131,19.220708573,20.7127649271,17.907265432,16.9681378425,16.1375407722,14.1181314976,17.7791281235,15.7718494542,11.6018239361,14.1754525201,16.6075690329,14.8320108154,12.049008831,9.59796034724,11.6859446777,11.8868278491,5.80192663032,7.06616430964,13.0334408574,9.28074254151,5.26823766981,8.54766246159,13.2623742958,11.9892036899,10.0815795113,14.6402585341,16.5472705702,16.6746700066,13.8324683396,17.2221859441,15.6862183397,11.4016702049,13.5259970222,9.01519752692,4.78576579,4.88481869124,7.4052202334,9.86398143776,11.19162575,16.0053921897,19.1016510173,18.7029956207,23.131066716,22.8248059586,19.0320148582,24.2993330194,27.4593650434,28.3400288872,24.4268481097,29.1217212636,24.4016384729,22.878626437,22.2237821327,18.7954464313,21.2533863329,17.9185735405,21.6438545041,21.6536750799,15.2716502345,16.2339442561,20.6821639309,15.1417269933,10.8239968837,17.3530758807,16.5260022751,11.8786194161,11.3978236554,15.9534740014,15.897971061,12.2390828211,14.3678117996,18.5657496907,19.3545923333,18.0551589014,20.9168582827,17.3187319661,21.6683489222,23.5998216205,22.2459003243,22.6734380307,1AUG ,1
V,V,V,V,V,V,V,V,69.0,V,A,0.0,69,V,A,0.0,V,-0.1827,V,0.7785,VAL,69,1.77121175173,1.83594787952,VAL,69.0,1.33733711172,1.39271132164,0,1AUG,V,69,V,24.6152430198,20.866961148,19.5645737516,17.0823422759,11.9940297765,10.2507900691,6.77546046074,5.52859825017,6.18610600651,7.47333130928,12.6004772997,13.9714958853,14.7378721507,17.1419534965,18.6083846217,16.0874316063,18.4791029465,14.7829835974,9.4209853295,10.0716633416,5.78008500862,9.57089984628,11.3647513053,7.3073305278,5.32983842983,12.5161653307,12.8858300298,9.91960693106,12.9449676736,13.8123136932,14.1886192829,18.1329361171,17.0769233781,19.8186319862,19.8641909327,16.1821026975,16.7917999867,12.1710292326,13.0077312877,9.60294800368,11.9076212632,11.6017732965,9.0927141428,13.6027428996,11.806313664,15.9246571709,16.9612249643,20.2402834605,18.016568625,13.5075594472,15.047623855,17.1904085733,14.3117450297,11.7343866254,18.1177789155,18.8665980727,13.7467762619,15.0527156959,20.2438108447,17.2897350048,15.1043535164,20.4900588417,14.3639543182,17.6099639741,13.2249355953,10.7399660363,6.76105715965,5.87341014001,0.0,3.42726667233,9.24682668617,9.57444380916,12.0625218871,14.7180631302,12.3418819056,17.9852583506,16.0427981295,9.92788550389,10.5212934562,10.370905563,10.1669399154,18.0493314494,16.4444967215,14.821106528,17.8550682881,21.793866422,20.8594302375,19.4132092135,22.2842924561,20.4695127676,16.9164102311,20.1751862482,22.1431777838,18.294535626,15.934356278,20.0628355728,20.9546326714,21.1210440392,23.7175982154,21.2486377643,25.4768762369,23.9020181024,23.3218204935,24.9889047205,18.5476580647,22.1761001178,25.3996256618,26.7654871269,24.7675150898,22.8774544011,24.0076766929,20.9103039842,18.9147777956,20.0756910372,13.0617874881,13.3156876862,11.1453572719,15.3436067154,13.7070178251,20.1618709826,20.4245979103,12.3793811032,14.7950355927,19.4558643304,17.8419518543,12.8367708112,18.8847149784,21.8155127686,18.6351569573,19.4102030359,14.7039955638,16.3498477474,14.6944871172,14.6074129863,15.6804224182,13.3937517963,18.2937768166,16.2487632295,12.7118967794,14.6547129656,17.7130616657,14.8474176843,12.936880484,9.46842606861,14.1834176806,15.1721308946,9.39038729831,10.6503859527,17.7309173467,14.0368710874,11.1064667605,13.8116550873,18.8441644547,17.715519829,15.7472437202,20.2610670368,22.3295607814,22.4689171755,19.3337822664,22.6917694505,20.5292758912,16.3808071597,16.4977130419,13.5542590056,9.12406499131,6.25473411941,5.46766574507,8.15819163358,5.92299439364,11.106673166,14.6372698393,13.0443792563,17.388623788,17.1357790523,14.0020234531,19.1035010273,22.1292108186,23.6373385108,20.0496961524,24.543786654,19.729940811,18.415945885,16.8531187314,13.5112653052,15.5189307173,12.112638565,16.0102752636,16.2661046806,9.54907777934,10.8908983495,16.1555428804,10.4878603857,6.09823580482,14.0227852949,13.38734508,9.48815609277,9.92785313563,14.5751043963,14.9740290772,12.7476788051,14.9844840904,18.8348878045,19.8177786429,20.4859313009,22.6045895718,18.7071673537,22.0481909586,24.2275173484,22.0682876606,22.4933881448,1AUG ,1
G,G,G,G,G,G,G,G,70.0,G,A,0.0,70,G,A,0.0,G,-1.056,G,0.01668,GLY,70,1.83182946679,1.80591171542,GLY,70.0,1.34263499347,1.32133313527,0,1AUG,G,70,G,27.3366865657,24.0209729641,22.1970667695,20.241449411,15.0849249782,13.1148456395,10.1635665082,7.79118135948,8.26469186919,6.74541462394,12.5593833956,13.8459504554,12.8451664805,15.601445176,17.197441476,14.7027666133,18.138201015,14.7528605082,8.79677503782,9.4579090799,5.51420689064,11.4227873237,12.4816601066,8.87504168365,8.21403962868,14.5257894703,14.8015148708,12.9511729607,16.1941398864,17.2106744146,17.4912165063,21.4134451751,19.9585832343,22.7379404264,22.6389865471,19.1897422893,20.123714187,15.5192156963,16.3338021115,12.8901359936,14.5579878129,12.9866161242,10.0338863358,13.8574425504,10.6523382488,15.1348142096,15.1303747852,19.0115119904,18.0285013697,13.0210352755,14.8114671184,17.5846000697,15.2919010452,12.8597059513,18.6252412189,20.5203964353,15.8000091834,16.9381553693,22.125412942,19.9232732668,18.0537368168,23.0041186676,17.0034564338,20.32309354,15.6949403886,12.8412479519,9.13180100842,7.06313942014,3.42726667233,0.0,7.26333151189,6.43377395071,8.98754935866,11.9788338499,9.2560110431,15.62007121,14.2120012656,9.31456075622,8.3476405148,9.70873797238,7.95617321734,16.9482423605,14.6155344325,13.3703380453,15.5953616714,20.2079530976,18.434728445,17.51547936,19.4683158993,17.8640565269,13.7818949941,17.4146206788,19.8643012865,16.635361206,14.8458396203,19.3098201748,19.3888121574,19.726334395,21.1965295905,19.1502979963,22.8991506337,21.3009497428,21.4195012178,23.2248307793,17.0494929712,21.26925471,24.2290474595,25.4377809252,23.6378697709,21.9408644114,22.3805970969,19.3602502071,18.2950035384,19.0104589311,12.7099090413,13.6460663487,12.0913394782,16.4312418237,13.4208828031,19.5908783034,21.4262440034,13.20658553,14.4362913589,19.3944928066,18.942091062,13.3659146974,18.3725482058,22.4693866426,19.8264572432,19.7886366567,14.8925042829,15.4446405344,13.9666685593,13.1217617623,14.3159166127,10.938060779,16.3060322265,13.2957889688,10.0083909049,11.5852896278,14.735570689,12.1732630811,10.9914593215,6.79490821818,11.8528562699,13.7714863638,8.97464399964,9.45941379756,16.5444190715,13.2015709326,11.6814453896,13.7704109196,18.574424242,18.3748395213,16.6820156084,20.4963195466,22.5171723558,23.3089121214,20.8731654464,23.9387750627,22.497693905,18.2261066279,18.3416503813,14.6725277256,10.2473806101,4.84681154851,5.67754059854,4.8979270604,4.59195802204,9.32973583351,12.1906242405,12.3434121086,16.5803411141,16.6822682241,12.5086018124,17.3127737906,20.7866304826,21.899786649,17.7755545256,22.1190962906,17.3634137083,16.0193934391,15.3561211703,12.571405343,15.5764622944,12.7783264919,17.0556889876,16.5795824446,9.73456484493,12.5988769898,17.5637027442,11.5371085106,8.08317736362,16.4573831909,15.0792880017,11.3138322352,12.5992126538,17.1309473837,16.6865229376,14.7693430477,17.5208424632,21.0750931753,21.4575690327,22.1488811029,23.7996273735,19.0665331001,22.4275794138,24.275730598,21.6309768091,21.5525965112,1AUG ,1
Q,Q,Q,Q,Q,Q,Q,Q,71.0,Q,A,0.173333333333,71,Q,A,0.173333333333,Q,-0.9638,Q,0.0974,GLN,71,1.70459855737,1.77145385203,GLN,71.0,1.14890481181,1.22410661618,0,1AUG,Q,71,Q,33.3476420544,29.6373360622,28.6325589719,25.7424210281,20.9045587427,18.9361859378,15.280368226,13.2622859281,11.6586070626,9.1046716353,12.0044380098,10.7547606643,9.77844744798,11.6375045861,12.2955165498,8.35631282734,12.7877254653,9.75047724122,5.83513000351,4.17436920711,5.14153711866,11.8105450127,9.92847892538,8.63197620588,10.9510550808,13.6582978491,13.5272810771,15.550493533,19.0577100639,20.691743604,20.6722746254,25.0399953169,23.5076532701,26.8060963984,28.0133137171,24.2798335953,25.1013334246,19.948909309,21.0142181925,16.4430429174,18.3207264353,13.7568639793,13.5239291593,15.5571379225,10.3799240192,16.0766859291,16.7292600897,21.405708802,19.5596225827,16.1372476086,19.4234963058,21.4577841468,18.7380492521,18.410282293,23.7253733458,24.9375423374,20.6975245441,23.0251651898,27.9003466997,23.946205778,22.8396629935,28.9395568443,23.2689186012,26.8378042139,22.3904848968,19.6670729026,15.8004317234,13.9469900688,9.24682668617,7.26333151189,0.0,5.38672432949,5.09159287025,7.26442249651,10.0940669252,13.3822222484,14.6068209838,11.0857248694,10.9051822951,14.7435143976,13.0862390319,22.3627215968,19.9007887303,19.246320929,19.9373301587,24.9248441029,21.4562519161,20.4102016983,20.6028803675,18.1519667283,12.316427782,14.8034547027,17.7089941434,16.4899028983,13.1243157642,19.2128309893,18.0457148352,20.2107515976,20.0443689507,20.3413944952,23.4347328151,22.7364586421,23.81074192,26.9861809542,21.3878416931,26.4013997497,28.3600227656,30.1013990922,28.7213928829,27.8386084036,27.472732067,24.7820943131,24.626219066,25.0491784958,19.4536244023,20.7734041554,19.0810573512,22.8640164623,19.4130039557,24.6465843594,26.9711203521,18.7695437923,18.5718154756,23.1191207029,23.1496797983,16.5819245196,20.7211550781,25.5738977332,21.7538822846,21.0280520366,15.5265771325,15.0769990681,15.9899271933,15.6051289128,18.5564777762,14.3540436076,20.3369248672,16.0505622391,14.1170638556,14.1854118349,16.3471552664,12.1704665717,12.5341895479,9.39024039541,15.9307408749,17.4344635918,14.1735060862,15.8577335448,22.0466581771,18.7390953144,18.4689117463,20.6741250167,24.6779765731,24.5371219497,23.7419470023,27.3635031751,28.639227642,29.6480135603,27.4994275723,31.0576923502,29.489177703,25.2464730443,25.2838354267,21.9341224576,17.5021387089,11.6080666307,11.8888603191,8.46053097295,5.32932490106,7.18126144578,5.73797156928,6.62325823384,11.1079189281,10.7077928941,5.34809159964,10.688702906,13.7532161877,14.6500891106,10.8044613688,15.9312998027,11.4018928463,11.7557188353,10.3591756233,10.2418753857,12.6294580792,9.69834695245,14.8567008949,15.0453330028,8.55520065395,12.5965032917,18.427831862,13.3138407952,11.4212629389,19.3250759313,18.4013714806,16.0770766346,17.7607903517,21.8311477114,21.8085841526,20.9075604835,23.450237096,26.6987335958,27.1872103197,28.8608796302,30.079379477,25.1225369282,27.7034335474,29.4676706824,26.0852552332,25.6300421938,1AUG ,1
A,A,A,A,A,A,A,A,72.0,A,A,0.093023255814,72,A,A,0.093023255814,A,-1.022,A,0.04689,ALA,72,1.79862701315,1.7467321844,ALA,72.0,1.17183430566,1.11284688043,0,1AUG,A,72,A,32.6568548962,30.0004906187,27.8170321847,26.5974943701,21.025191818,19.5483339121,16.185422606,14.0788358929,13.8736957721,10.5352436159,15.3622219849,15.382520766,12.1953951053,14.9150595404,16.127052078,12.9493856675,17.9865699208,15.1327352107,10.2790733991,9.3017520147,8.51051440573,15.6974549985,14.7610056271,11.9349617183,13.3752181899,18.0667251721,17.4625827684,17.5811712148,21.7659256371,22.862959591,22.6305350099,26.5437730038,24.3061879811,27.3027231087,27.6221180505,24.4245638448,26.0474723146,21.111297533,22.5525027746,18.6986327316,20.5330671177,17.3104104363,15.1551724776,17.7115273295,12.5140174722,17.5478905468,16.1973968594,21.0334700816,21.4289426071,16.6093297138,18.8966758744,22.0646735017,20.2541713654,18.4761637913,23.4168296104,26.1516235537,21.8304387204,23.0123879837,28.1196063255,26.0054016216,24.3924431104,29.3496303223,23.3695698662,26.4050861482,21.4531593489,18.9790605608,14.910916318,13.0931256281,9.57444380916,6.43377395071,5.38672432949,0.0,3.54569579779,5.92516146163,4.74143809379,10.3381690336,10.8561042263,9.14460018966,6.47914180711,11.1765010595,8.61887761481,17.6975288857,15.2639734041,15.4553077861,15.8166340562,21.7687860815,18.1844422691,18.5723551391,17.8558360939,16.7148540354,10.6118959784,14.7448565758,18.4426845071,17.3188594673,15.8781496342,21.2015558509,19.6287853511,20.8926504835,19.6007291084,19.3184737614,21.6479396328,20.2535504019,22.1368755719,24.2817762435,19.0670764094,24.059308512,26.4063788364,27.265547753,25.8975612029,24.4345560066,23.4978213737,20.7001158337,21.4770786252,20.6227499795,15.8419445767,17.7930146589,16.5363641314,20.1550508732,15.6123831129,20.3244848012,24.1581537016,16.1910318204,15.0584838765,19.8127694831,21.0984182145,14.7010078416,17.5433414532,23.3602691619,21.1116209165,19.6650828411,14.6605364514,13.1505794564,13.0109493809,11.4602824935,13.9217854738,9.16665475506,15.1473568629,11.0076083661,9.68224734283,9.60464131744,13.0086179177,11.2168353992,12.2794609823,7.8595410193,12.6560452051,16.1867092358,13.518441726,12.677884276,19.105767052,16.7197601395,16.9100921848,17.9848872162,22.4336186179,23.399715269,21.8400803249,24.7043620716,26.833845379,28.3657610678,26.6061355984,29.1442008567,28.332168534,24.0495131889,23.3920113764,19.6944803847,15.6185339704,9.20248518695,9.74645150593,4.33889287409,5.48975690372,5.95603169338,7.1648938608,10.6990723341,13.8048492075,14.8876465993,9.76601391738,12.7762513848,17.1125140997,17.9730639592,13.0242092797,16.3178272214,11.7145998039,10.2810162964,11.2863456484,10.1302528123,14.4752300004,13.408388958,17.6224920643,15.9223794945,10.1032021661,14.9041940257,19.0067787199,13.2737668725,11.9025096545,19.9986773474,17.8168219724,15.0995766875,17.4880522314,21.5079293861,20.2025532933,19.3920575117,22.578836387,25.439598347,25.0927514782,26.5930373491,27.2431700163,21.576744458,24.2182117583,25.5816006076,21.9731098455,21.1008073077,1AUG ,1
G,G,G,G,G,G,G,G,73.0,G,A,0.375,73,G,A,0.375,G,-0.8203,G,0.2226,GLY,73,1.6613138385,1.67425924994,GLY,73.0,1.02175955426,0.990759320596,0,1AUG,G,73,G,35.9088719525,32.8567597037,30.9836434506,29.045581333,23.9118175842,21.8410772971,18.7241231144,16.0075516167,15.205868224,11.0581495408,14.7390903835,14.2328582673,10.0510720498,12.5125950067,13.5314044531,10.5634123608,16.1854525737,14.04234752,9.76048510415,9.12091225347,9.35526460296,16.3481180823,14.9770483282,13.3994917099,15.2163204757,18.6645485497,18.5059059027,19.836163959,23.5024933265,24.9760364584,24.9488243129,29.1060932619,27.1409706066,30.2678377362,30.8430379122,27.4684643696,28.7145665614,23.7268218585,24.7592949711,20.6003833902,21.9397295965,17.5598596451,16.0167417236,17.620283264,11.7048591502,16.8125710978,15.5024633907,20.606428725,20.9983714183,16.8315881603,19.72931857,22.5992881946,20.8635335978,20.0195899283,24.5066136648,27.2216252083,23.3115925069,24.977475506,29.8758546422,27.4003158185,26.2702697186,31.4918264351,25.8103009779,29.2935865628,24.5371061163,21.5727491837,17.9584249271,15.5141054726,12.0625218871,8.98754935866,5.09159287025,3.54569579779,0.0,4.63424259083,6.95184530117,11.1733554335,13.2007226864,12.2383839051,9.77557077729,14.6982494846,11.5823111958,20.7271820095,17.5925126395,17.5971812436,17.0999721684,22.738706777,18.3544845914,18.4491982915,16.9789439868,15.3114932911,8.57076253279,12.0580535333,15.9737073099,15.876247408,14.2909000494,19.9418203542,17.6804590905,19.6242829098,17.4530494935,18.2841165012,20.2735145731,19.4158349843,21.6525547877,24.577375645,19.748529225,25.0954264019,26.7907784205,28.0403371872,26.9408733822,26.1658214305,24.9167474573,22.4605841927,23.5092145291,23.2238810189,18.9352686797,20.8197405115,19.850918766,23.6529071918,19.026839128,23.5829620716,27.6971018369,19.7306715981,18.4603698249,23.1019257911,24.5043599506,17.974578948,20.5309075096,26.5531703534,23.9816359776,22.3941511839,17.2689321197,15.4022135236,16.0379457923,14.4853054956,17.0625574736,11.8869205755,17.7115010385,12.3514361496,11.4978211139,10.6243907042,12.6949028831,9.94666654669,11.819239036,8.41379494231,13.6666051844,16.5416715463,14.8315321536,15.0779706893,20.5693839522,18.1315773754,19.1505924456,20.4525926131,24.1151247392,25.1179574985,24.3402853485,27.0373102427,28.4606301109,30.1846233065,28.7910577713,31.7322817541,31.0344190255,26.7265630861,26.6826663697,22.6845597527,18.5425802398,11.7993258724,13.1316150833,7.08396060899,8.03220141447,7.85805421201,4.80504873009,10.4401336356,13.5256836197,14.1510454953,8.12466849018,11.1370631886,15.1687310008,15.1708999763,10.0147552565,14.1303144151,9.90829868342,9.8378811854,11.1871371105,11.7328792848,15.6241573928,14.2326033247,18.8602371144,17.6759704418,12.0209822866,16.8272431712,21.4848796764,16.0718070332,14.7094066244,22.7989511123,20.9413433601,18.3987077653,20.6177794837,24.6960504641,23.651220353,22.7923433043,25.8638811128,28.8529118037,28.6159507763,30.0293589014,30.7661822647,25.0430906924,27.6837137171,28.9545374873,25.2188686025,24.1352690016,1AUG ,1
G,G,G,G,G,G,G,G,74.0,G,A,0.355769230769,74,G,A,0.355769230769,G,-1.044,G,0.02753,GLY,74,1.67995590348,1.66868868919,GLY,74.0,0.924715291315,0.869838768347,0,1AUG,G,74,G,37.3894825864,34.8732501762,32.9504773385,31.7210702499,25.9940284025,24.9194300175,20.977494089,19.4146818507,18.5240469401,15.2298110086,18.5870426007,17.182278974,13.9448235979,15.8095922334,16.1670400716,12.1405090151,17.6625297494,15.3722119655,12.8370219067,10.2645594199,12.2212786822,19.028237953,16.4338249169,14.6125345604,17.4028945485,20.3981436389,19.0229672591,20.9883798361,25.7021873303,26.9029736099,26.2646304988,30.2116553393,27.606786292,30.8362725347,31.9183462059,28.7321193468,30.6400495891,25.3886100043,27.3168797905,23.0020595944,25.2539922621,20.9562320692,20.0416762364,21.892612021,16.0267174134,21.3151820762,20.0568567399,25.1961994412,25.426187656,21.3937460824,24.2028190105,27.0957180528,25.1165040274,24.0815009212,28.8956884429,31.3562947552,27.1399789359,28.7347611681,33.7907307844,30.866283483,29.4419595075,34.9435618733,28.94016478,31.8331623392,26.8176260302,24.7310517887,20.2608253434,18.8990666959,14.7180631302,11.9788338499,7.26442249651,5.92516146163,4.63424259083,0.0,7.7427848109,7.49742909425,11.0038288105,11.6088497289,10.0335386062,15.4509187928,13.7746288544,21.7789048016,19.9053376457,20.7648112733,20.2651404359,26.5272073544,21.9966760266,22.7758435999,20.4629100111,19.2937076972,12.1793065979,15.4250666713,19.6484882078,20.2894022161,18.3107069145,24.2624499509,21.7746429692,24.072945263,21.1327126583,22.5808577954,23.9571705797,23.079861651,25.906304494,28.5416663876,23.9550309981,29.2272946384,31.083406179,31.9634561748,30.8660532712,29.6412762817,28.0786119517,25.4935241072,26.9951388339,25.3921123122,21.2047583429,23.416406013,21.9250235637,24.9167748212,20.2086499267,23.7739688037,27.992135701,20.4282266661,18.1420473584,22.169302235,24.0727267871,17.3767152401,18.8532990506,25.2193260686,22.5965095958,20.3477358451,15.4890741244,12.7314317683,14.6089073711,13.5397104614,17.2278713234,12.8202679745,18.3411291369,14.3673896827,14.4820449046,13.4448183999,16.1993930926,14.355477159,16.4503452656,12.8624762554,17.5119018296,21.05313254,19.0789209501,18.406001653,24.404855428,22.2721399961,22.8248959286,23.8000892748,28.0762909105,29.1965982386,27.7520850415,30.4688590215,32.5293270534,34.1995033497,32.5007071335,35.0317724818,34.1564801293,29.8888487535,28.7139281927,25.4350502688,21.411776575,15.1251290735,14.9074505262,10.0913522219,9.34497927564,6.26494171274,3.56751657836,9.58851285552,10.8003447548,12.6736016423,8.03954567161,7.91154713625,12.824410492,13.8355136688,8.67738436944,10.4272519772,5.87654650102,5.25392518115,7.49085211357,9.24029970238,13.4242472944,13.8284829462,17.5250287485,15.4384552514,11.4594106861,16.7206988347,20.2447784218,15.5849118522,15.6216738747,22.8580984622,20.6901019272,19.1002372396,21.8452892302,25.3779256235,24.0772373751,24.1237832819,27.2532548755,29.6847334121,29.2118239974,31.5575641059,31.666823097,25.8867848871,27.7087321162,28.9042708597,24.7625731475,23.5869443507,1AUG ,1
R,R,R,R,R,R,R,R,75.0,R,A,0.248175182482,75,R,A,0.248175182482,R,-1.026,R,0.04343,ARG,75,1.71990776184,1.75916876964,ARG,75.0,0.999335336315,0.958100724044,0,1AUG,R,75,R,32.9964927538,31.3793178887,28.2610914017,28.5707023962,22.5191216737,21.6754656304,18.5663713544,16.7635731502,17.4105257305,14.0349921373,19.4868965595,19.9816877782,15.9220315747,18.8754104558,20.2508003354,17.3511305182,22.6368782695,19.842482626,14.9049354015,13.8883701686,12.8712075913,19.9321644865,19.2650917197,15.8021282263,16.8744033547,22.3806519739,21.3530501241,20.4424608816,25.0973344706,25.7626973211,25.2840924928,28.7255609314,25.9024902559,28.5904264111,28.2636279483,25.6459496487,27.9694968706,23.3132419649,25.1324462974,21.8726654074,23.7663124842,21.4380826878,18.3734303384,21.1409938575,16.1904243029,20.5599902405,17.8385451625,22.5354152164,24.5538464195,19.0250429886,20.4046768381,24.3005944973,23.176970443,20.4203225526,24.8749833915,28.6550779378,24.3650714845,24.6241115746,29.7735065194,29.010279417,27.0326897449,31.0430327253,24.9449223467,27.3279564746,22.0910098097,20.1337944007,16.0339283995,14.6513728874,12.3418819056,9.2560110431,10.0940669252,4.74143809379,6.95184530117,7.7427848109,0.0,8.77891952491,8.40453150845,9.53400563228,4.52193073627,9.64310212368,6.64167334765,14.2886432714,12.3084528855,13.7905996605,13.6932459987,20.5594705316,16.9707098655,18.9002415611,17.1473618618,17.4171523626,11.6365876291,16.5890632862,20.7019100734,19.8597479684,19.6497768611,24.3727523681,22.5205464645,23.1696726704,20.8986026412,20.2897952853,21.6984537328,19.7162291496,22.4028991131,23.4513364543,18.9121407823,23.6424592155,26.2885058013,26.2169517454,24.9072328299,22.8219842831,21.2238738385,18.3726272932,20.249739111,17.7036160743,14.1621708315,16.7597350072,15.9304717734,18.975733648,13.4525300493,17.0759859366,22.5055264227,15.2648282213,12.9238366308,17.5288193165,20.178559022,14.3364356117,15.3601772664,22.0140030723,21.3199471024,19.1790943249,15.0368587247,12.5370148758,11.4614659987,8.61945128208,10.4570858398,5.1928948083,10.9141578717,7.54962226385,7.74430424549,7.34577556277,12.083011002,12.9756263306,14.5247378368,9.93132211032,11.9901504065,17.2678845126,15.3271114342,12.0524620705,18.2744881718,17.0260798755,17.5524997595,17.4009064848,22.1582037935,24.1151353046,21.8180949443,23.8403646693,26.8233583327,28.7713225714,27.3509158726,28.8290359748,28.6865432798,24.5208046417,23.0332117842,19.3302005948,15.9117230759,10.0175109967,10.3484169579,5.08562594286,8.8834699827,7.83557697569,10.4371781773,14.6807954675,16.7459944042,18.7096150488,13.9945729073,15.4404396281,20.3505460218,21.2829994178,15.9483064509,17.4732015529,13.2787841427,10.4794465352,13.2840345736,11.6333282535,16.8825213779,17.1660501704,20.5580352996,17.5408638257,12.9612695101,17.8662655708,20.3565941313,14.69815375,14.1169997287,21.594384381,18.4616554802,15.8001485064,18.6987998958,22.3507785752,19.9262150288,19.4304142614,23.0454715273,25.3443756969,24.1848287775,25.6625911114,25.6063305204,19.3479516867,21.7973308232,22.6736551162,18.7924717551,17.4084309452,1AUG ,1
M,M,M,M,M,M,M,M,76.0,M,A,0.544642857143,76,M,A,0.245535714286,M,1.048,M,1.852,MET,76,1.64732347682,1.8078409414,MET,76.0,0.671654443857,0.907092571694,0,1AUG,M,76,M,36.8401955116,35.8641782491,33.1170886863,34.0271172614,27.3281080435,27.8901737596,23.4098707449,23.2878537152,23.1941453302,20.7888078537,25.1417213506,24.0011061479,21.1440301435,23.2381409081,23.6442357042,19.3423421693,24.4299023478,21.5945433989,19.2123565617,15.8590093767,17.5047180864,24.209550461,21.5176505938,18.283599221,21.0569474224,25.1115637104,22.359047921,23.0487047519,29.1199257592,29.5282014801,28.0893549247,31.2392865085,27.4901720451,30.4045465415,31.3213402399,28.932486627,32.132136876,27.0129783193,30.1595689426,26.4029996735,29.6381146566,26.7324464512,25.2309517169,27.9680032696,22.560957207,27.6937754247,25.7012581312,30.6821269251,31.704788777,26.875010202,28.7960119212,32.2846972633,30.4693603211,28.1733489861,33.2189131003,36.0898155971,31.4075651491,32.0872874729,37.3751644785,35.1909704481,32.995412224,37.8942583921,31.4447824781,33.0598853308,27.6562977864,27.0323199175,21.7278261758,21.9079406527,17.9852583506,15.62007121,13.3822222484,10.3381690336,11.1733554335,7.49742909425,8.77891952491,0.0,5.62328970017,10.5462375122,9.32227730827,14.1265079662,14.5390565778,19.4248138597,19.8752863951,22.1672344606,22.0005068231,29.1303580468,25.130242699,27.2975546599,24.4427693467,24.6179153621,17.8023552959,21.8707133527,26.3879745787,26.816795433,25.3831002982,31.0660118091,28.73752034,30.4475246148,27.1401425241,27.9997277832,28.7634795517,27.2019727168,30.5774866357,31.8843941541,27.6389513819,32.4023916344,34.9590434674,34.7719274888,33.5414507115,31.1711348669,29.2533574351,26.4108135787,28.624900712,24.5938944544,21.1262356901,23.8603136571,21.9834719151,23.468815047,18.5581393383,20.033624928,24.9264020161,18.7635035676,14.7235096649,17.5279126939,20.8830745909,14.9132571551,13.5502236431,20.6690531867,19.5873766258,16.0972671576,12.7600546514,8.2051913258,10.5113915672,9.56996377242,14.0823116996,11.7722067224,15.7271448467,15.1066486305,16.4022118584,15.6249207105,19.8555777358,20.1950373257,22.1998102974,17.8452357244,20.7133451256,25.7624653672,23.4188072715,20.4248415931,26.980528698,25.7164393882,25.5630664158,25.4879738351,30.7845723002,32.4688435496,29.6032216026,31.9175399753,35.4133934083,37.109226381,35.1201486848,36.3633705449,35.6504414156,31.6077376591,28.5124598422,26.2811919219,22.9572795581,17.8891017651,15.8932908652,13.1384847418,12.5774974041,7.65824935643,10.7824388122,14.122220546,13.1106271125,16.7673984878,14.434540946,11.8676430136,17.1308750355,19.4805326454,14.9078147942,12.5917239002,9.20480583109,4.45732217555,8.63722478962,8.58270245349,13.7352781563,16.9726563326,18.6138610623,14.1283156301,13.1643299424,18.3260889779,18.7970329133,15.0887834707,16.993933367,22.5533587952,19.2337174014,18.6986549948,22.2289222183,24.7675254311,22.3179403939,23.5805833524,26.96753332,28.2732569227,26.9439574521,30.2790689538,29.1895868957,23.2981519371,23.8788247182,24.6854962491,20.1076030665,18.706644139,1AUG ,1
Q,Q,Q,Q,Q,Q,Q,Q,77.0,Q,A,0.328888888889,77,Q,A,0.155555555556,Q,0.3668,Q,1.258,GLN,77,1.66540263532,1.83950540089,GLN,77.0,0.82378085212,1.05756679366,0,1AUG,Q,77,Q,31.9963694612,31.7854137714,28.512583361,30.6434606531,23.5803894692,25.0351538679,20.5945846598,21.310707598,21.9614749672,20.4430348698,25.6562495124,25.244896326,22.9614763282,25.4597707977,26.2534675112,22.0571569267,26.7213629568,23.278052107,20.0337055917,16.9842469495,17.3879526357,23.7462465821,21.8780640528,17.5109023249,19.495683379,24.8227354052,21.8505881468,20.695398084,27.1049064853,26.9669192439,25.3150745739,27.9223731757,23.8080559351,26.362266584,26.7112010856,24.7909274912,28.5417518699,23.7844536639,27.3599797983,24.2932476092,27.8806428499,26.4393760133,24.2447760059,27.7744828544,23.2003839669,28.0696112373,26.0473907547,30.6149804889,31.704472571,26.3159588843,27.4665485382,31.1791299392,29.4306988977,26.1551489837,31.4064520071,34.3074565403,29.3592241287,29.3274426082,34.6541898484,33.1767739163,30.4563549393,34.697239313,28.1178700876,28.9499282977,23.4662332284,23.7158600703,18.1721156731,19.3742705119,16.0427981295,14.2120012656,14.6068209838,10.8561042263,13.2007226864,11.0038288105,8.40453150845,5.62328970017,0.0,7.32674987359,6.40016138078,9.5490740079,11.7984490593,14.8966616428,16.9234341629,19.5109267947,20.419394158,27.5300708456,24.690608382,27.0259691944,25.2314720464,25.7987533094,19.7083538003,24.3764036772,28.6318153894,27.8851233878,26.7030201705,31.9423411584,30.3571738462,31.2962263621,29.1111101233,28.6765911585,29.9523474106,27.8376288321,30.6163978841,31.0081248137,26.4639380636,30.5921985159,33.857603916,33.2076439956,31.6729118152,28.4818385213,27.052179452,23.8782253385,25.6845830584,20.807978533,17.0382521517,19.7955938277,17.6028778114,18.3313352113,13.6649961728,14.7414925085,19.368488302,13.7070503094,9.19981372248,11.9907459873,15.6680263562,10.2537136883,8.33602491264,15.6773836319,15.7283514356,12.3176582887,9.68829671707,5.64022014741,5.35097061078,4.21721291356,9.21974480162,8.96472240901,12.1430290818,14.0920029239,14.8904187922,15.0558270526,20.2305230496,21.2308463869,22.4635642741,17.6463716392,19.6474929726,25.0616076669,21.9801326388,17.7998127436,24.8999960438,23.862037077,22.7736381063,22.2414905288,28.2591310695,29.8945258214,26.0991629316,28.429753402,32.7735754253,34.1963798163,31.8512441677,32.3954980767,31.6263398955,27.8071587386,23.7643574694,22.2083736915,19.3966571342,15.6764858103,12.5258126554,12.0597985398,11.7017301315,7.99526690778,14.1494490832,15.886615155,15.6205508578,19.132944593,17.0889078281,16.0762620161,21.1875087047,23.9073688861,19.3227889329,18.0606714247,14.2126741822,9.63603431237,11.7706415992,8.70170854292,14.0080172244,17.2339293251,18.2749538464,13.1705070942,12.3360109811,16.8629231801,16.048997353,12.1264279007,14.3374575617,19.1311702148,15.1234028311,14.5669990313,18.3186647533,20.4571466834,17.3395769209,18.8884499596,22.3859213764,23.2715360296,21.5878762692,25.0827380571,23.6897901627,17.9021036515,18.2656503382,19.1680143919,14.6759324054,13.6278107654,1AUG ,1
I,I,I,I,I,I,I,I,78.0,I,A,0.0,78,I,A,0.0,I,-0.07294,I,0.8742,ILE,78,1.74272095517,1.86322656231,ILE,78.0,1.1292523077,1.22339881694,0,1AUG,I,78,I,26.680886341,25.3842512193,23.0178799512,23.9588037893,17.0250154753,18.6356093219,13.6358557534,15.3102802252,15.7778983848,15.8539329842,20.8306038489,20.5181214559,20.1978641851,22.5393165211,23.3667554252,19.100559006,22.6374853043,18.6247970288,15.3536991665,12.3709497812,12.0477588266,17.3754810357,15.9354456717,10.903090496,12.5822710472,18.2476929374,15.3094541123,13.3811975251,19.8507873478,19.6749772381,18.0673212779,20.9618569977,17.332334162,20.1937982492,21.0135716797,18.4081631222,21.6784742051,16.6739048207,20.3388607726,17.1598911474,21.259973341,20.4880562802,18.8414172047,22.8990701938,19.3217376496,24.2949183678,23.7853817974,27.965438569,27.2341682963,22.3106844537,23.6442318344,26.6364682136,24.1477937257,21.0659308316,27.0893542466,28.6400798449,23.3972127655,23.8294660266,29.147217254,26.5470460638,23.7312649786,28.6610295576,22.0409275856,23.0956521139,17.8127480409,18.1860327823,12.1666089748,14.1909555767,9.92788550389,9.31456075622,11.0857248694,9.14460018966,12.2383839051,11.6088497289,9.53400563228,10.5462375122,7.32674987359,0.0,5.67129704479,6.81453432222,10.5080252864,15.7300972155,17.2147416415,18.248589334,20.5581436829,26.6845994666,24.7546839191,25.5312948758,25.7627781549,25.2150959616,19.6294635496,23.8594252451,27.3238995465,25.2996059456,23.1014051059,28.2916021836,27.7818981148,28.6378768822,28.5246706053,27.3190003021,29.998127384,28.0655465612,29.4286880093,30.32108677,24.7028336091,28.6009210261,32.1105914286,32.2464224997,30.3744792793,27.3429878771,27.1800133028,23.7646379902,23.7764594772,20.8521812376,14.8059070985,16.6625903138,13.5206900783,14.9262545179,11.9852686456,15.7670334714,17.162535175,9.81270978393,8.42532619185,12.3053214567,12.6286165894,5.85807375058,10.0275259374,14.5648730238,12.0663436895,10.8223951732,6.09619316369,6.55706513097,5.40519210914,6.88649895171,10.7924957207,10.4370799349,14.8901357371,15.8347521751,14.5253005692,15.7187331054,20.5821743796,19.7421952845,19.7244292011,14.9881674472,18.5115861278,22.4037203956,17.844907318,15.2215585977,23.1526086287,20.9551677578,18.5165076286,19.1585106703,25.4605949699,25.778729745,22.0847679376,25.6390086373,29.5529510058,30.1878892951,27.0477691269,28.5016391065,26.7138606344,22.8566801305,19.2653237523,18.1310151929,14.7393076223,11.8673346023,7.16579362958,9.87956737382,6.39255546938,5.6594158509,13.346461229,12.1040869709,13.4560809387,15.8243034193,14.3462705737,15.7853924747,20.0626712297,23.0889177052,19.1303638027,20.3369043703,15.6498201934,12.4321255917,11.3515502115,6.26797792767,10.2648207993,11.7081066232,13.1025306358,9.52988098525,6.38602303538,10.1567418151,10.9067885613,5.43128555759,7.03525597121,12.6326750818,9.40829258619,8.240644589,11.7101752088,14.4032797554,12.6643311247,13.6480806949,16.7125706089,18.4437886922,18.0020195872,21.3749116033,21.2312445323,16.4654635309,17.7011179702,19.6412926301,16.2147008189,16.4464940811,1AUG ,1
T,T,T,T,T,T,T,T,79.0,T,A,0.0348837209302,79,T,A,0.0348837209302,T,-0.5447,T,0.4628,THR,79,1.78668150199,1.87658766195,THR,79.0,1.12773913714,1.24210433797,0,1AUG,T,79,T,29.0570769758,27.8852051483,24.6821218116,25.7885765348,19.1988182082,19.5092255933,15.7971147929,15.4261034934,16.4292057651,14.6118751955,20.3582193389,20.8421266585,18.3587008184,21.219558798,22.5052701873,19.069256745,23.6411770937,20.1960759261,15.5123304326,13.8506191825,12.5793191417,19.055212093,18.4470389374,13.9992884041,14.8988768733,21.088281751,19.3631195615,17.3810160717,22.7453090146,22.9160766829,22.0167674749,25.0737054753,21.8595033848,24.4326451011,24.1367097777,21.7201297116,24.5931226263,19.965473006,22.5390975947,19.5952579428,22.3622564242,21.1882957564,18.2383478571,21.8685261974,17.7398806713,22.242593456,20.3102820995,24.6289906353,25.7149145521,20.1024844377,21.0907814253,24.8283675835,23.2579697991,19.8498956841,25.0146882254,28.1069245807,23.3197694409,23.2734423117,28.576791105,27.560149138,25.0437195098,29.0668540081,22.643479805,24.2720488197,18.8611075465,18.0044236138,13.0295596751,13.2201238052,10.5212934562,8.3476405148,10.9051822951,6.47914180711,9.77557077729,10.0335386062,4.52193073627,9.32227730827,6.40016138078,5.67129704479,0.0,5.6026611525,5.93365540244,12.3897116479,12.4625085301,14.0085628344,15.4631440401,22.1065593486,19.7068072671,21.3200381737,20.7606939464,20.925890995,15.5805575258,20.3923747216,24.1599219459,22.454580626,21.6088087905,26.3405596603,25.2591161423,25.6796521074,24.6180928285,23.2890476069,25.3338540178,23.1446807071,25.099605676,25.6396616312,20.5671191986,24.7039441527,28.0212458639,27.7772366422,26.115986809,23.245086534,22.3762869629,19.1135437279,20.1493825414,16.927534322,12.126390972,14.6475392097,12.8566813192,15.2286633574,10.2400615671,14.1119362637,18.3843203041,11.0380860296,8.77586461336,13.5293737413,15.6877167688,9.87178588295,11.6331128465,17.7349148594,17.0862391787,15.2411199447,11.3179966817,9.68390757383,7.5047578592,5.2369311894,7.77267387927,5.00285685949,10.3286710433,10.2048205174,9.45540955854,10.3587770677,15.5532414725,16.0897772912,16.679033432,11.7657895509,13.9327984166,18.928618709,15.6036777356,11.7102175104,19.0979504669,17.6165976691,16.5762207842,16.4243878387,22.2501177359,23.6604475628,20.3426194207,22.9299965687,26.7301752711,28.1275414402,25.9410143373,27.070410461,26.3801416793,22.3403505832,19.6861859688,16.9800884458,13.694107144,9.28976502228,7.11769033584,6.02808844761,7.41835009618,6.78566329352,12.5219418826,14.4152682441,16.305734096,18.5313762038,15.0464285466,16.627640178,21.4509602428,23.3394063049,18.4589931449,19.7561741536,15.2237299553,11.8113273194,13.1986736224,9.7502344578,14.8355295483,15.5775003884,18.1489087364,14.7199084728,10.6296845179,15.0247867802,16.541471231,10.891678596,10.8020790776,17.5779053586,14.1196468604,11.6300226744,14.8344362915,18.1381308411,15.5246689355,15.4650574728,19.0932209572,21.0927006534,19.9442839726,22.0170994513,21.8076883053,15.862245612,18.0073733345,19.2580720879,15.5196539271,14.7662744186,1AUG ,1
P,P,P,P,P,P,P,P,80.0,P,A,0.0,80,P,A,0.0,P,-0.2019,P,0.7617,PRO,80,1.72804019662,1.86422222664,PRO,80.0,1.16690633298,1.30060573497,0,1AUG,P,80,P,23.8958481414,23.5236615808,19.673333626,22.2716567337,15.3532564455,16.8897470315,13.5226534332,14.439349726,16.4102004086,16.1248150821,22.2042111902,23.3633222272,21.8640161076,24.8055873643,26.2953610069,23.0802807002,26.8983301657,23.0953821863,18.1597839058,16.9492348749,14.6185307561,19.7508077212,20.14332605,14.9797016648,14.6271770344,21.8067418835,20.02710939,15.8848645233,21.1934530446,20.6628753015,19.6241486767,21.9170336596,18.5412315786,20.5502605875,19.3632264531,17.5061783879,20.9124233292,16.962189891,19.9054225988,18.0839427695,21.1446657442,21.9434797536,18.4348673318,22.817488067,20.0752802483,23.9421600122,22.3137124662,25.8429605973,26.7074927162,20.8572458022,20.8280874319,24.5520563305,23.0504434001,18.5461659462,23.8582178982,26.7097891398,21.7109612862,20.72540187,25.9643979519,25.7910247491,22.6593751449,25.7631527196,19.2563395601,19.8217215054,14.3215469818,14.7754113455,9.62706682831,11.6215061708,10.370905563,9.70873797238,14.7435143976,11.1765010595,14.6982494846,15.4509187928,9.64310212368,14.1265079662,9.5490740079,6.81453432222,5.6026611525,0.0,6.42339211174,9.31572797209,11.5172173714,12.8850654482,16.0153985154,21.9123235742,21.1971467551,22.6648658138,23.4961937725,23.9107282885,19.7160981068,24.5342365656,27.7964208145,24.9989355818,24.3179391801,28.3345624329,28.1547024347,27.8059466698,28.0747729256,25.5353070928,28.1105514429,25.5344698912,26.5922276594,26.1511314237,20.8502672487,23.925359445,28.0137940238,27.3493094789,25.3243609403,21.5373359984,21.5921028191,18.0358808673,18.0515891051,14.2714934281,8.36427348753,10.6253645225,8.05396655138,9.6445747184,5.27796432438,10.2297835969,13.0960573096,5.67216488993,5.05203005974,10.1627936767,11.4111509029,7.27064471126,10.207906357,14.552695909,14.9662996507,14.1022490379,11.3824197376,11.5932184649,7.27724448198,5.98525504582,5.72867667607,7.06638715312,9.87705139037,12.6537341587,11.0457212895,13.0974563769,18.3701672407,19.2890858107,18.8749169395,14.1679625414,15.1160205307,19.7902377458,15.5926405919,10.5772056541,18.2956396217,17.0226129735,14.4092073502,13.7505048764,20.4797568714,21.5517501455,16.9787034911,19.7882754518,24.5994241445,25.4770245953,22.7173867155,23.0236582465,22.1050550177,18.3771457214,14.4662557217,12.7412280505,10.2838972009,9.08609045406,5.00344864515,9.08826503506,10.0020383601,11.0523429439,17.5804853929,17.9007156206,19.9985315066,22.0072418344,19.2635740149,21.4532416491,25.9838030916,28.2207186971,23.6190205085,25.1378211255,20.5271584949,17.0055627912,17.5155220329,12.9018719809,17.0222830999,17.5314909499,19.28922712,15.9686220672,12.4474139738,15.1968152856,15.4966399591,10.1679415492,9.7977344367,15.0011365415,11.1441510899,8.03521222341,11.1297363844,14.0052230745,10.6650877847,10.398683354,14.2258163804,15.943336903,14.546903322,16.4604535044,16.2709553389,10.6057717211,13.1735743483,14.81548472,11.9355905023,12.1399148719,1AUG ,1
E,E,E,E,E,E,E,E,81.0,E,A,0.0,81,E,A,0.0,E,-1.06,E,0.01387,GLU,81,1.80990903799,1.85496362765,GLU,81.0,1.19279222893,1.24844801305,1,1AUG,E,81,E,27.9698438301,26.614836149,22.8624592033,23.8914220891,18.0916172133,17.1982061304,15.2673112049,13.3332895902,15.3131720513,12.858614689,19.2418103134,21.1124279584,17.7493837855,21.0315452672,22.9369291212,20.7840745724,25.2579648082,22.1560459924,16.1145777074,16.3796286928,13.3100179014,19.2402106357,20.2934767647,16.1557445643,15.4453700729,22.3649141516,21.9695683979,18.8417711651,22.6885323941,22.9632573487,22.8711374238,25.8606763802,23.4337192149,25.5724691478,24.0560696074,21.7745162186,23.9207458142,20.0781052172,21.3811884457,19.260602652,20.6294016808,20.3102303547,15.8441299054,19.4023348821,16.1523533875,19.4242286554,16.627331425,20.3136658496,22.7037636385,16.449961798,16.4320958578,20.7218223132,20.0786393073,15.9151861071,20.2229535558,24.4805998578,20.1897474822,19.3614373113,24.4619403777,25.2668371658,22.9168266767,25.6684685695,19.6949848466,21.7916910593,16.6778953314,14.6414689061,11.4225373097,9.99185605614,10.1669399154,7.95617321734,13.0862390319,8.61887761481,11.5823111958,13.7746288544,6.64167334765,14.5390565778,11.7984490593,10.5080252864,5.93365540244,6.42339211174,0.0,9.76016742161,7.28670053726,8.08877254569,10.1245707045,16.3859064619,14.8853236969,16.5853967476,17.0953950681,17.7312377574,14.2067890302,19.1728096074,22.3685146852,19.7407064314,20.2779333671,23.7618332714,23.0975061374,22.406617029,22.1210574453,19.431238728,21.7360072399,19.1122227328,20.4290332279,20.2331703294,15.1442373773,18.9187067147,22.4931760448,22.0146519022,20.2602968075,17.350677512,16.7540974105,13.447256564,14.2830324492,12.1156553667,7.65323785836,10.1769022112,10.0171745612,13.7418637877,8.33420891797,13.5441325563,18.4401646295,11.3769082173,10.9138880072,15.9372886071,17.771537276,13.3340386194,15.5694053013,20.8656840265,21.0174702295,19.9007508501,16.3360225609,15.4432228151,12.2495337283,9.34380921139,8.06018711786,4.22870464835,8.59009825168,7.09811737891,4.63918258501,6.93361289401,12.0147542363,13.6847996405,13.6465522511,9.1317148081,8.87971542336,14.3043538505,11.5884523818,6.08655405344,13.2385975609,12.2137959145,11.8293273918,11.0081727581,16.5077762543,18.5242322539,15.4527201954,17.4191433005,21.0918853933,22.850929691,21.3373642357,22.2778263144,22.4134683369,18.3572180733,17.1509651605,12.914846747,9.97455453043,5.53495953164,6.88192300182,4.87431645799,10.1516275613,11.8575318522,15.7341467453,18.2415237405,21.1971614673,22.6121627052,18.1189692601,21.0435884147,25.5868712158,26.5685112816,21.4858174657,23.9489377327,19.5352337496,16.7494017272,18.4341989268,15.2703606148,19.9107467743,19.2368785194,22.4990464528,19.9278718525,14.7732378895,18.3514238622,20.6845204047,14.7085236563,12.910352386,20.0129915056,16.888060495,13.0730352631,15.3126588312,19.1274177307,16.4484489963,14.812322586,18.4916098872,21.061257062,19.8508087405,20.025736436,20.5462845923,14.4658896535,18.0925275518,19.0894518608,16.2334159953,15.3937790238,1AUG ,1
R,R,R,R,R,R,R,R,82.0,R,A,0.237226277372,82,R,A,0.124087591241,R,-0.9334,R,0.1239,ARG,82,1.53228937097,1.73680492586,ARG,82.0,0.793266773176,1.07976871309,0,1AUG,R,82,R,26.2588073905,27.6302233947,22.1353337855,26.9068535167,20.8767785699,22.057631045,20.7200110365,20.507867675,23.3236839528,22.0363994426,28.4937101891,30.6145640344,27.4302788242,30.7557097175,32.6905578955,30.3639274248,34.760078832,31.3644353227,25.594521635,25.3245403419,22.423417629,27.5804404644,28.8068297631,23.9103699305,22.8412443866,30.3443504541,29.1595162471,24.361453419,28.6617610635,27.9215431207,27.2807499482,28.8287684148,25.5982818256,26.6514836098,23.6480888715,23.1265298391,26.5588350892,23.9716109988,26.0682124884,25.4606119344,27.2586583248,28.8504076407,23.9622601122,27.9034606059,25.5809754597,28.1008687438,24.6449196981,27.340778609,30.8747167284,24.3815917397,22.792568627,27.3606514711,27.4216218294,21.9607753513,25.3024558854,30.1605558219,26.0477246695,23.4533814221,28.0120267128,30.9817173396,27.8737404768,28.4609170704,22.875585069,22.641669603,17.8521562345,18.2645793815,15.691401842,16.5445351789,18.0493314494,16.9482423605,22.3627215968,17.6975288857,20.7271820095,21.7789048016,14.2886432714,19.4248138597,14.8966616428,15.7300972155,12.3897116479,9.31572797209,9.76016742161,0.0,7.36967708289,10.8138279369,13.4333645728,18.9016874803,19.5097935314,22.8323464312,23.0774144751,25.3066654402,22.7985027805,27.9584974888,31.1941748659,28.4837729543,29.7565832704,32.5023615689,32.0851313658,30.5847454734,30.1077308462,26.6755702595,28.0869888661,24.7612283003,26.2304857306,23.6021730541,20.0832945204,21.7692747135,26.1980133217,23.7829769199,21.9127988025,16.9601833811,16.2665388702,12.9710052934,14.7622926505,7.00924673959,7.18909334587,10.0204910831,10.64673672,10.8379133065,5.61385094496,5.63704866764,13.5221806176,11.0547582699,9.69696346169,12.4303950556,15.9712317736,15.1043279773,14.2870929923,18.441184765,22.0018353968,20.639511758,19.5946958067,18.7284925558,13.9766591498,11.0332618707,5.74777997371,9.13364506578,5.27843104914,12.0752238778,12.0258594395,13.9090687158,18.7830983233,22.5953238981,22.5150374567,18.5406264667,15.5368672169,21.3798015706,19.2014279997,11.7794136933,16.3574856866,17.5918888014,16.3358946115,13.0631955126,18.8800620311,21.8832437009,16.752207358,16.8201088061,22.8965488506,24.6227021339,23.2402079504,21.1727967637,22.3756666357,19.4408493601,15.5306245022,13.2512060974,13.468219664,13.8781916501,13.0581690027,14.5642995713,18.4993486321,19.0892487157,24.437349803,26.5283459962,28.478319588,30.718990928,27.1141666036,28.8865838031,33.8125871837,35.3787792619,30.1868265614,31.0155047233,26.945817822,23.0788410861,25.2996601834,21.2915932432,25.9517581294,26.7357082385,28.5282081434,24.6745809997,21.6474674205,24.4614255355,23.9323050095,19.2596581211,18.8230745696,23.0245474595,18.9042483144,15.9955873434,18.2665604097,20.3248850215,15.7981212663,15.011126925,18.674830326,19.403606433,16.4146306511,16.1457051071,14.786679607,8.1751922872,11.4784211545,11.1773597525,9.31189917963,8.2923993693,1AUG ,1
V,V,V,V,V,V,V,V,83.0,V,A,0.103448275862,83,V,A,0.00574712643678,V,-0.5732,V,0.438,VAL,83,1.67220327633,1.78207886239,VAL,83.0,0.901595879987,1.08781732227,0,1AUG,V,83,V,29.6338661296,29.2810703179,24.451301976,26.8314726336,21.8225022186,20.6970570664,20.4291619317,17.9785280866,20.6661449255,17.9013377788,24.172519383,26.9072095252,22.5021873306,25.9445727566,28.2013351682,26.9591474585,31.5760065564,28.831856239,22.3581431705,23.3842489547,19.8964436035,25.2446551237,27.0932569998,23.108320761,21.6990559212,28.8355214253,28.9006456112,24.9606877027,27.9907775035,28.045294813,28.2726727982,30.6980287618,28.4338393849,29.917352116,27.0931283578,25.6468519689,27.7220233728,24.9445017695,25.5794844149,24.5609879,24.8964578653,25.5228814542,20.0349610411,23.0885105689,20.7012261732,22.3751477791,18.0386440549,20.5703814806,25.3900810718,18.8208042062,17.1500496687,22.0724719765,22.9248876537,18.010259618,20.2670585802,26.2726129578,22.9057422026,20.6882157035,25.0630171459,28.5831427004,26.3000507811,26.9125798345,21.8489487946,23.4459681655,18.9807201362,16.8593126316,15.7603317771,13.9328523306,16.4444967215,14.6155344325,19.9007887303,15.2639734041,17.5925126395,19.9053376457,12.3084528855,19.8752863951,16.9234341629,17.2147416415,12.4625085301,11.5172173714,7.28670053726,7.36967708289,0.0,4.57459911723,6.0795056807,12.0292116308,12.1702552471,15.6633667904,16.0413904443,18.4404080891,17.1967138216,22.0897779011,24.9229977408,22.2117460805,24.5685812112,26.5697009876,25.9058781265,23.9900897312,23.3816121068,19.5890745431,20.9040159683,17.5226999114,18.9257587034,16.4846796766,13.1111432367,15.4679645367,19.396295535,17.3255889375,15.6707649267,11.815578075,10.4091298255,7.03419991511,9.95434072797,5.89258438846,7.10839104817,9.6014517681,11.991000003,15.0494195311,9.70326963629,12.9448845103,19.6628119471,14.9825772041,14.5351349975,18.6197233424,21.3555596895,18.7263124141,19.4081969776,24.4014371444,26.3407596098,25.1170216048,22.5514762569,21.3700973063,17.4707286539,13.9390264373,9.98324867487,8.19999302615,7.08979863539,7.18983498672,6.48650142401,8.36413816778,12.1304352857,16.6220884172,16.6477754247,13.5381321201,8.73655836139,14.8871316127,14.3697228899,7.1571541909,9.92261558321,11.699975402,12.8023365576,9.58094510966,13.7283342425,17.6309549931,14.4448178442,13.8940127823,18.2800375315,20.9063446655,20.7668856445,20.0168396648,21.9418847197,18.5244358113,17.8954195725,12.9966839551,12.2912794458,10.5939173567,13.0716930349,11.4416879318,17.4053187196,18.8627825415,22.0728388363,25.4225574518,28.2900232236,29.7819067896,24.9034454466,27.611905402,32.2847651651,32.7409093017,27.395815914,29.476955743,25.5194604467,22.583169903,25.207891871,22.1869070747,27.0246284053,26.4895623549,29.631529106,26.7376190951,21.9946083626,25.2940432317,26.9420384473,21.2702555873,19.4979371323,25.7089839808,22.3126595098,18.4136154937,20.1943484482,23.5206584831,20.0966152111,17.9880863021,21.5591448464,23.6644041899,21.6504305385,20.1346668336,20.3609427407,14.2455421806,18.4417939077,18.4522810861,16.5008958506,15.1264929813,1AUG ,1
A,A,A,A,A,A,A,A,84.0,A,A,0.0,84,A,A,0.0,A,-0.9441,A,0.1146,ALA,84,1.69308934512,1.80881263459,ALA,84.0,1.08975027081,1.1921816559,0,1AUG,A,84,A,28.5663369094,27.2506353539,22.9092559249,24.002969383,19.9285209331,17.6495278861,18.4303215885,15.0520548884,17.9152042252,15.222672327,21.2401116896,24.5778280608,20.5065087011,23.9020944281,26.3551319021,25.7431561346,29.8559615784,27.3009424324,20.5173478528,22.4654622752,18.2825671363,22.8004832406,25.4632024231,21.9399998528,19.8384130773,26.7966039295,27.6875935481,23.6291312285,25.514845253,25.8293312691,26.6284511143,29.2469937377,27.7748939265,29.2465298666,26.3235340863,24.5183487104,25.6712318177,23.2240271842,22.8767688639,22.1202108939,21.5436625178,22.4851389933,16.6010879919,19.4535619901,17.9811125636,18.8710506533,14.886192901,16.7825301068,21.4584312279,14.9310151701,12.7509814451,17.6733517111,18.8527972446,13.9020231179,15.7042527153,21.9454370809,18.9643091278,16.7144260107,20.8975459911,24.8498598278,22.9139989855,23.2515803035,18.6504701236,21.0745789956,17.1361532447,13.7911581232,14.1121018573,11.0811188129,14.821106528,13.3703380453,19.246320929,15.4553077861,17.5971812436,20.7648112733,13.7905996605,22.1672344606,19.5109267947,18.248589334,14.0085628344,12.8850654482,8.08877254569,10.8138279369,4.57459911723,0.0,5.28218312773,9.15170932923,10.505253289,12.4610118361,14.8996242759,16.4952562674,16.4217157976,20.7736507158,22.8512671139,19.2331043441,21.814369548,23.0802303454,23.0581777207,20.6366949214,21.4737467444,16.7937035871,19.1279212133,15.9137957588,15.921037937,13.7765281787,9.33743871333,11.6023193842,15.7921336524,14.4890746309,12.5259389615,9.27785000316,9.39040051813,6.10080399558,6.52200329878,7.68634957394,6.97800119449,8.0968926681,11.2334983986,15.4693030475,11.3358060208,16.1115307428,21.1092608507,15.8355656721,16.8033810656,21.2472191033,22.7666436438,19.9907158613,22.1534023547,26.5092169246,27.5469209929,26.9819211025,23.8870671241,23.3796477455,19.6510396545,16.5989472785,13.217426843,10.8129301973,11.3975418444,9.30621108403,6.57207549937,9.00266962456,11.3553752664,14.7214531204,13.8097829741,11.5474552597,6.3220577161,11.0673943958,10.6525569818,4.21071872433,5.85368398743,7.23659266396,8.90976072445,5.96639846279,9.46496930445,13.2228874116,10.9671683108,10.7442117945,14.1583715771,16.7857072246,16.903904584,17.0901767337,19.0059464588,15.4548185786,16.7757438371,10.8460182843,9.96016598703,8.69543380398,12.7017041165,11.207160774,17.089987339,19.7141351909,22.2810468742,25.1652582425,28.7485122154,29.5582785087,24.4632212345,28.2075176029,32.4434991106,32.574119377,27.4912591505,30.7284207579,26.590489843,24.2551388913,26.2101889238,23.2444354558,27.5868212563,25.9862247193,29.6078666563,27.6314516322,22.0493081528,24.831761227,27.5333808811,21.6661990735,18.9402320728,25.464303474,22.7839529416,18.3751578236,19.388439763,23.1447454696,20.5758247011,17.558924346,20.7273431603,23.5643262655,22.2835566614,19.8955581345,21.2519971066,15.9320950464,20.7187594225,21.1943379093,19.736880055,18.8808902162,1AUG ,1
I,I,I,I,I,I,I,I,85.0,I,A,0.309644670051,85,I,A,0.0406091370558,I,-0.8737,I,0.1759,ILE,85,1.68088686113,1.73825680741,ILE,85.0,0.908443440411,1.04791476439,0,1AUG,I,85,I,33.8184631772,32.372994334,28.1741703833,28.7875765606,24.7733716159,22.0211056783,22.549752786,18.4915520411,20.7415063844,16.6740084722,22.2294605095,25.3875541707,19.8008828209,23.194170559,25.6827677935,25.5782821148,30.2868413455,28.287058667,21.5615846891,23.6549561228,20.0153918657,25.2339593342,27.4385491934,24.4660526456,22.9719471525,29.33605461,30.3763533811,27.3677085512,29.339468973,30.0231370508,30.8553936292,33.8251953531,32.2354035099,33.9693221018,31.3703052962,29.4042255557,30.515699803,27.6933965706,27.2478872135,25.9087051301,25.0094619036,24.5885886387,18.9271537592,20.7459258403,18.3089651097,18.9157287092,13.4870169417,15.7551438964,22.1584896984,15.8801455645,14.3201793856,19.3253355504,21.0280356881,17.174861529,17.9814384636,24.8843055019,22.4624606743,20.8103468917,24.6919337279,28.5016933578,27.0655923819,27.697970506,23.3815189338,26.2369514011,22.2841331427,18.5653680492,18.6327822966,14.9742562322,17.8550682881,15.5953616714,19.9373301587,15.8166340562,17.0999721684,20.2651404359,13.6932459987,22.0005068231,20.419394158,20.5581436829,15.4631440401,16.0153985154,10.1245707045,13.4333645728,6.0795056807,5.28218312773,0.0,7.41672861231,6.0974992196,10.2311426108,10.4104465598,13.2059203934,13.8157578681,18.0719259484,20.3794556405,17.9291502985,21.5541895408,22.6621341554,21.5928729358,19.2549499635,18.2086188758,14.1156363507,15.0381927086,11.5672941639,13.123583404,11.0081604566,8.34379259403,11.7133928846,14.5285825291,12.9755091524,11.8666349207,10.275552166,7.84921910486,5.88912449265,9.56685900029,10.3048711367,11.7594515734,13.3314951731,16.1913114835,20.2312602438,15.2465051066,18.9991678481,25.4094328234,19.982735137,19.7994231273,24.2517424421,26.6899073265,23.236779855,24.4827281449,29.8741737816,30.947865017,29.752281184,26.4151760541,24.9949440714,21.8645595853,18.2750539587,15.3262553289,11.5543364917,12.0626516219,7.1682765114,6.31535508958,6.90203056884,7.54855934667,12.9564549824,13.3063944141,11.7679638839,4.99525449204,10.879214977,12.9265655482,8.24112117065,6.91536656261,9.31076196516,13.2401813193,10.9414679747,12.0186855855,16.5228514502,15.7442102769,14.644928924,16.6196035842,20.0293738583,21.1486034747,21.5527687442,23.9267129103,20.443469907,22.021883273,16.1205667062,14.8796682534,11.6600440055,16.1743207761,12.2015911975,18.9506992319,20.7849746138,21.8586566593,26.2133294854,29.6004668879,30.4743850453,24.7293165682,27.9796788967,32.2663109358,31.6961286957,26.4027875755,29.3906469027,25.7948231347,23.8001522005,26.6897783811,24.6596420304,29.4115594241,27.9988044743,32.0087066984,29.834966111,24.2085790531,27.7411356231,30.7451667958,24.7152242053,22.2631889754,29.4588661218,26.6010281332,22.4005988093,23.8226561269,27.7291058637,25.0175377953,22.3972473042,25.7272961894,28.4903584353,26.9992990798,24.9659215834,25.8852523578,20.083138094,24.4566396547,24.5272295574,22.485556486,20.924704862,1AUG ,1
N,N,N,N,N,N,N,N,86.0,N,A,0.0820512820513,86,N,A,0.025641025641,N,-1.061,N,0.01278,ASN,86,1.47361737753,1.61058051396,ASN,86.0,0.90362025636,1.01502119276,0,1AUG,N,86,N,35.3998703776,33.4239940084,29.5085583761,29.2241204634,26.9548270386,23.0591251134,25.3573981535,20.5256271325,22.9462496366,19.2374318656,23.7135303468,27.7950535257,22.5083143618,25.603473241,28.3455473077,29.4527637494,33.4151578575,31.8859852757,25.011594946,28.2313777459,23.9364390243,27.679242828,31.0055988672,28.670416044,26.2975614323,32.2314373318,34.3221968358,30.9400436902,31.2489474066,32.1058686285,33.6688389962,36.4909127702,35.8529347807,37.23945402,34.0429794068,32.1611628454,32.1889960006,30.3428871032,28.539448784,28.058545539,25.6390684332,25.9805903275,19.9509929093,20.7864905999,20.2519733919,18.6717954004,13.3582225153,12.954768339,20.7929458048,15.4123926987,12.3453505708,16.8405843874,20.0613325919,16.6524762937,14.598988224,22.5590243554,21.7335534431,19.5666509274,22.0460859912,27.8457605527,27.0982360374,26.0967530172,23.4439389586,26.7990139672,24.1364440552,19.527465852,21.8377767038,17.4574874213,21.793866422,20.2079530976,24.9248441029,21.7687860815,22.738706777,26.5272073544,20.5594705316,29.1303580468,27.5300708456,26.6845994666,22.1065593486,21.9123235742,16.3859064619,18.9016874803,12.0292116308,9.15170932923,7.41672861231,0.0,6.64082627328,8.28450762075,11.8719306119,14.2079559364,17.948246741,20.7607580135,21.4630242884,18.0423340959,22.8617749853,21.7873664626,21.6550782424,17.8422654439,18.785977308,12.966011411,14.3814331392,11.1881199383,9.73117651895,5.03089661769,5.02707434891,5.17705145163,7.73990637411,5.69354267494,4.62926512435,6.30366386287,5.66043306825,6.65521365016,7.74970311781,13.5119135504,15.762227946,15.8975566678,19.6684427335,23.9756195737,20.3752011764,24.4429720521,29.7188128311,24.8866404795,25.8830280489,30.2501582561,31.8554254369,29.0071064639,31.054765832,35.638954161,36.5623951612,35.9863268459,32.5750102298,31.7559802141,28.4487665009,25.1436379801,21.8580694798,18.6462231147,18.8173710193,14.5058363279,12.902860841,13.6736653865,11.8575095983,15.8532632725,15.0567999724,15.6844212769,9.14668563308,10.1525971869,14.1405100479,12.0741938928,4.64461421019,8.67964937469,13.8404772199,11.8333806438,8.24554834232,13.4645454348,15.0275933854,12.3897357278,11.636468539,15.8051735728,18.7590699741,19.3617941132,22.7523882816,20.0168025216,23.9453169124,17.6444365067,17.3995451332,15.9322510254,21.1425391,18.0116105619,24.2885377567,27.0556361148,27.5069875279,31.4281905078,35.4299713659,35.626397057,29.7193449283,33.8718147422,37.6530352139,36.5357768313,31.6166705622,35.5895099253,32.0454456794,30.5712659173,33.0038747033,30.9726514729,35.2562818787,32.8824890136,37.2202858079,35.8338693641,29.6658631403,32.4933299333,36.1613991321,30.1473280992,26.9301867873,33.8487809063,31.6150734746,27.0496109976,27.5712504622,31.5184014022,29.4084748042,25.9375157602,28.6356621601,31.774673818,30.7169853574,27.2019550327,29.0391117404,24.3310275929,29.21844153,29.3174263885,28.1811143446,26.9746911278,1AUG ,1
L,L,L,L,L,L,L,L,87.0,L,A,0.243781094527,87,L,A,0.044776119403,L,0.3396,L,1.234,LEU,87,1.53285072228,1.60607015326,LEU,87.0,0.811641733319,0.991321663618,0,1AUG,L,87,L,38.5976601362,36.2934209999,32.703285594,31.8593023594,28.7292446778,24.8206029794,25.8861850634,20.7785272283,22.4056488769,17.4169863732,21.677266228,25.0417157534,18.4601803411,21.5413246325,24.1450981628,25.2843498551,29.9053345248,28.762450546,22.199282576,25.148138496,21.6722484022,26.4878704419,28.8573508768,26.9493331294,25.518581282,30.8637171799,32.7267797846,30.682428368,31.7391305537,32.9619784007,34.2570544809,37.6356992209,36.5882335345,38.5216538737,36.1880479331,33.8353784178,34.184539972,31.3465170881,30.0649433395,28.4399505502,26.5177680459,24.9974685692,19.6366416362,19.9411529464,17.5564053902,16.8661146448,10.4411999593,12.1387296056,20.2199243085,14.9113696064,13.8513723637,18.3264704624,20.7925756705,18.4704492701,17.7546123887,25.029676422,23.6700791581,22.7408164625,25.9521587719,29.7188791157,29.1376712961,29.8703111704,26.3476759999,30.1156149689,26.6396382234,21.9446745316,22.7655506499,18.0781483635,20.8594302375,18.434728445,21.4562519161,18.1844422691,18.3544845914,21.9966760266,16.9707098655,25.130242699,24.690608382,24.7546839191,19.7068072671,21.1971467551,14.8853236969,19.5097935314,12.1702552471,10.505253289,6.0974992196,6.64082627328,0.0,6.15893296506,5.43780292198,8.79219682004,12.2634995109,15.1053847511,16.5425864115,14.7499002387,19.7588305474,19.7450392211,18.0963111597,15.3671394058,13.5149378937,9.27150414173,9.25321859075,5.68188309409,7.81363146244,7.02090734367,6.6169220649,10.7792626746,11.2574468698,10.9070637427,10.8787260997,12.4059338849,9.74830912757,9.92650451209,12.8265446098,16.0003837866,17.3584624583,18.4481550248,21.3382099919,25.8368223418,21.0647468769,25.0515874548,31.2935940775,25.4031094994,25.3229005722,29.9670048228,32.2183327973,28.2008409509,29.7829352625,35.4440109468,35.8509515664,34.6622092152,30.7977101914,29.2044363649,26.7411386281,23.2192813975,20.9681549465,16.3613061364,17.6507255423,10.9569719047,10.3875472084,9.69647575136,5.9994268394,11.2352787928,12.0750376736,12.71297741,6.76220613501,9.41087981278,14.15064128,12.5787135808,8.67058801885,10.6062826855,16.2203090641,15.0173241809,13.4693792837,17.7819368264,19.1742849027,17.8682599859,17.3931593671,21.2247164133,23.3779409984,24.792488528,27.344152863,23.9534477937,26.9919130442,20.7140920472,19.1478649853,15.1731728786,20.5264343146,15.2867911771,21.8878492253,23.8525067493,22.9398620721,28.0236164818,31.7184370061,32.0085469277,25.6931534004,29.2645928848,33.0183700792,31.4280623083,26.4114650273,30.1543058224,27.0825390148,26.0578674132,29.0599325186,27.9782667327,32.5045610908,30.4143350005,35.0503130885,33.5154494764,27.3764575141,31.0044657129,35.0200377696,28.8622889788,26.0214409961,33.7789193539,31.3688761297,27.0791591011,28.2434832303,32.4872787804,30.3194264694,27.4474049951,30.557122125,33.7407678318,32.626926203,30.3513023356,31.6919432991,26.067520658,30.5036193104,30.6220315028,28.4710955805,26.7923385872,1AUG ,1
N,N,N,N,N,N,N,N,88.0,N,A,0.00512820512821,88,N,A,0.00512820512821,N,-0.4591,N,0.5375,ASN,88,1.48216340453,1.58964392417,ASN,88.0,0.996980108564,1.04047742373,0,1AUG,N,88,N,37.8347551741,34.371749094,31.7333418403,29.1051398739,27.110329085,22.0891594738,23.9214989012,18.0442996942,19.2455361167,14.3587245652,17.3893807538,21.3399785863,15.4487842896,18.196538299,20.9652206097,23.0216860067,26.7391134521,25.9961846937,19.5178234471,23.4854285432,19.594902635,23.0951978716,26.1782969177,25.1474247544,23.2437850109,27.7171162596,30.5329773324,28.8459277984,28.5907667038,30.2314955855,32.0878061308,35.7137349447,35.5196034549,37.5261179961,35.4821060721,32.6852652305,32.0258465989,29.4216301976,27.1569483152,25.5539672789,22.6008958112,20.8003962937,15.6499012684,14.9099578394,13.7513382571,11.5414357888,5.49742670774,5.98991018969,14.4240945872,9.89362215227,9.21901223187,12.9210894,15.7492752614,14.7657258499,13.2528026158,20.1168182146,19.5296960451,19.4158315757,22.124609024,25.3560505762,25.5063509787,26.5391774576,23.7386376636,28.4119595896,25.5944653315,20.0093129435,21.7976813596,16.3336571757,19.4132092135,17.51547936,20.4102016983,18.5723551391,18.4491982915,22.7758435999,18.9002415611,27.2975546599,27.0259691944,25.5312948758,21.3200381737,22.6648658138,16.5853967476,22.8323464312,15.6633667904,12.4610118361,10.2311426108,8.28450762075,6.15893296506,0.0,7.74515396581,7.07367373516,12.270875265,13.6191220706,13.4486882708,9.95350565137,15.4280689901,14.1449198759,13.4294543857,9.82072252351,11.2287909439,4.94757203005,8.66895033876,6.95809058759,4.02131278162,7.41148198705,4.40984979247,9.30470805617,8.71885349988,11.3268901845,11.0683967694,14.0341257557,13.5063318409,13.477366519,13.6171020835,19.3471532558,18.8429759402,19.1077054189,21.7453970363,26.8574735088,23.007316522,28.171220052,32.9154791412,26.4200196639,27.3675202107,32.3130596063,33.4261942333,29.1700341237,32.1300692233,37.1828215716,36.5107922196,35.9715673847,31.6021508095,30.7413894586,28.5587911147,25.6156011781,23.9098716355,19.1581364469,21.6487878009,14.7938666701,12.6418141777,12.5854321088,8.56143388843,9.34750753115,8.56979711613,11.3434970149,7.82069043793,4.87312824812,11.1073348573,13.0147203713,8.93103014374,8.5118370926,14.4745591495,14.905137313,12.0786491155,14.8116725907,18.0290244817,17.7542885516,15.2809295722,18.6140811043,20.822094551,23.8079151418,25.72205862,22.3440219728,26.9061524196,20.4829016093,18.4904215505,14.7135184311,20.6146243161,15.8198046155,21.4193420837,24.417552005,22.8159385695,26.9795218032,31.356933881,30.7828653128,24.5094263204,29.2240681995,32.2453264479,30.3439421834,25.9519288138,31.0880755756,27.8237568172,27.5284924841,29.4883534781,28.5208841298,32.2849089862,29.0547491319,34.1051235694,33.6780121971,26.8936571592,29.8562045343,34.9552132543,28.8356884563,25.249719522,33.0799399774,31.5106512464,27.0226821503,27.4982899138,32.013170401,30.8235618341,27.4353664649,30.0400111866,33.8225353987,33.4979160871,30.931584191,33.1484776822,28.150235185,32.8898846307,33.5249663481,31.5935978119,30.4001674328,1AUG ,1
E,E,E,E,E,E,E,E,89.0,E,A,0.345291479821,89,E,A,0.0358744394619,E,-0.9636,E,0.0976,GLU,89,1.57281403337,1.5778598357,GLU,89.0,0.809012540336,0.935231667709,0,1AUG,E,89,E,42.4979005366,39.7266112438,36.6076725745,34.9688031626,31.7100195545,27.5730758551,28.031771453,22.7111971148,23.5306359075,17.8118908172,21.0766009764,23.7789052007,16.2560511161,18.9684935678,21.3643385816,22.9723440353,27.8635616832,27.3667259928,21.429959359,24.3333621186,21.6990887227,26.8130797871,28.4875537606,27.3351253329,26.605837776,30.9811247731,32.9261114103,32.1506386933,33.3266708238,34.9211389104,36.173482202,39.9589906124,38.8801840109,41.1812460808,39.5090559545,36.7826006033,37.0518287114,33.6854856227,32.4817357831,30.1214964765,28.2583109519,25.2524217414,20.8072389459,20.2366963466,16.762440729,16.3596095634,9.86603797429,12.5989155989,20.3051285119,15.9569562292,16.4018950433,20.2017777689,22.2336788258,21.1936161758,20.8278264926,27.3878041152,26.0960180951,26.1262342619,29.4227119313,31.8516579506,31.6576236347,33.4179319299,29.744582088,33.926370428,30.2388579382,25.3795547003,25.5553622663,20.6868605683,22.2842924561,19.4683158993,20.6028803675,17.8558360939,16.9789439868,20.4629100111,17.1473618618,24.4427693467,25.2314720464,25.7627781549,20.7606939464,23.4961937725,17.0953950681,23.0774144751,16.0413904443,14.8996242759,10.4104465598,11.8719306119,5.43780292198,7.74515396581,0.0,5.16758110141,9.21359397443,10.9721241537,12.6315877571,12.8782542553,18.0390606308,18.4555678058,15.4786297218,13.8522572956,9.09748689198,7.53387047166,5.2863569088,2.82599402932,8.27544350412,10.6603834277,10.6223557842,15.3514438099,14.5294594047,15.2852180822,15.7094284452,17.827530271,14.9798536229,15.1417460875,18.0405109264,20.6675575133,21.3006972528,22.6613615613,24.9454641081,29.547470232,24.4053900121,28.3698124449,34.8298957814,28.2947956241,27.6696233208,32.4216965038,34.8655028179,30.045526994,31.4933091774,37.72943611,37.5106160963,36.0016278432,31.7390136432,29.676775812,28.0946320251,24.6527629007,23.4220074637,18.0181083344,20.2524951035,12.3441425084,12.5193319709,10.7008057861,5.22095662002,9.40720064375,11.7397103106,13.0491644655,9.60266807711,11.3360313225,16.301215018,16.0598751468,13.6525924405,14.3657230316,19.8961190917,19.4646050592,18.2311244595,21.8287412502,23.654519434,22.9927033305,22.0076049118,25.6464489591,27.5975248017,29.7110002071,31.7952823545,28.165408434,31.0977348647,24.9211747239,22.6418416986,17.3968056059,22.6200960569,16.1280741831,22.2757126101,23.6558681032,21.0307276533,26.9802625615,30.4682231202,30.5694855867,23.9769154822,27.1478906045,30.5421126931,28.2339924672,23.4183821322,27.2572337565,24.8192513459,24.585622092,27.8606427919,27.8272879449,32.2517942282,30.142747829,35.0728755615,33.748615292,27.6313540266,31.6675045274,36.1766778857,30.0664754877,27.4266494308,35.6362027717,33.360098127,29.3411131068,30.7500894089,35.1665243857,33.2323241369,30.6936438804,33.8728049856,37.1695179729,36.2041820292,34.6002930933,35.8176225241,29.8869176739,34.0007869579,34.1980494573,31.4795882067,29.5875820946,1AUG ,1
A,A,A,A,A,A,A,A,90.0,A,A,0.0387596899225,90,A,A,0.0387596899225,A,-0.902,A,0.1512,ALA,90,1.43024964347,1.50850368638,ALA,90.0,0.869872436003,0.928657361384,0,1AUG,A,90,A,42.0923726825,38.4490499824,36.134520762,33.1629299202,30.413742842,25.6857703238,26.1678649196,20.4683654373,20.6188454595,14.7198711874,16.7871360162,19.446790044,11.9226967047,14.3391662275,16.8126332021,19.1644276048,23.5693677753,23.5206909653,17.9012617326,21.4272164832,18.8847017535,23.3202217939,25.0706091539,24.7715270206,24.0781448798,27.4809869447,29.9988405482,29.9794274198,30.4941647683,32.4680913203,33.9824620364,38.0709944762,37.4829759465,39.9853074246,38.8282322023,35.6708221594,35.3514844599,31.863277988,30.225264946,27.5103936619,25.2603668096,21.3729888206,17.6493723299,16.2205550903,12.6645583171,11.9459391873,6.09660448143,9.65535291232,16.0843537592,12.7031235335,14.4125223052,17.3311900558,18.9039478661,19.1563771253,19.0750488868,24.6208942524,23.5333192448,24.5124131524,27.7120257288,28.8825412369,29.1820809912,31.761718715,28.2792197562,33.058808119,29.6107012695,24.3149131836,24.6033364992,19.3558087376,20.4695127676,17.8640565269,18.1519667283,16.7148540354,15.3114932911,19.2937076972,17.4171523626,24.6179153621,25.7987533094,25.2150959616,20.925890995,23.9107282885,17.7312377574,25.3066654402,18.4404080891,16.4952562674,13.2059203934,14.2079559364,8.79219682004,7.07367373516,5.16758110141,0.0,7.22642891769,7.16414939505,7.800666774,7.9248168398,13.2243379272,13.6088069194,10.3270308301,9.29014264855,5.03333136167,4.24015566801,5.36270152425,5.82254999947,7.88178576459,12.8460364424,11.0962787668,16.2995673937,15.1405333887,17.480852189,17.6359626008,20.1630412729,18.414247183,18.1452148765,19.598510829,23.3481462939,22.3927404543,23.3942599581,25.1952661184,30.1925234859,25.5316053103,30.3642378083,35.7842694281,28.581505677,28.4947682309,33.4964446139,35.1509363065,29.8859120186,32.3348314501,38.2597742198,37.0175897657,35.8903716608,31.1411337276,29.5259736051,28.4287269583,25.499464303,24.9992143829,19.319693811,22.7530798632,14.595299718,13.6340336917,12.1667177645,6.9549549744,6.09147497743,8.30883981066,11.0913121542,10.3450591828,9.51123403156,14.3627946058,16.4253826907,14.928490799,14.0040908692,19.2401020825,20.0019967559,18.7412956691,21.0982786501,23.6977371272,24.0556944585,22.2377529801,25.3408433947,26.8911800671,30.1335004079,31.483321734,27.7186972757,31.2753307025,25.1502420151,22.2817100524,16.6576556135,22.0329586587,15.5185961571,20.6607588626,22.6026021252,18.9934534077,24.423008157,28.3523235277,27.7531437291,21.128694002,25.1048215816,27.8299836237,25.1581941355,20.8761660191,25.9598551537,23.438442754,23.9923876932,26.3997020812,26.7292905234,30.5139326907,27.5981124082,32.8873420838,32.4351845147,25.8978401091,29.5947024053,34.9937055558,28.9692317093,25.9347962033,34.3026061085,32.6526309976,28.6455990738,29.7180841686,34.3403234451,33.1523286909,30.4577868512,33.3423655765,37.0365086469,36.6581511076,35.2313999899,36.9437452887,31.3034927024,35.4990346539,36.1306144715,33.3675564325,31.8097281607,1AUG ,1
R,R,R,R,R,R,R,R,91.0,R,A,0.624087591241,91,R,A,0.624087591241,R,-0.8944,R,0.1579,ARG,91,1.4271367196,1.35272244249,ARG,91.0,0.793451846114,0.712263895403,1,1AUG,R,91,R,40.2679329152,36.9480790304,34.6885656145,32.2619297589,28.2594556969,24.6202606495,23.4396490612,18.7581701576,18.4427760227,12.5412551176,15.4549960973,16.626950025,8.98769582621,11.7948236734,13.7661408492,14.222253427,19.6654748032,19.0408115249,13.8708270414,15.9963360568,14.622969492,20.4926510862,20.7965633187,20.1354101193,20.5822518507,23.9621278428,25.3848705548,26.1403219634,28.1289452049,29.9533456507,30.777718444,34.9808536219,33.679838698,36.5105374548,36.1101734514,32.8403704514,33.3123005078,29.0249872594,28.6011298126,25.088957076,24.3970887233,19.8320140753,16.9873819646,16.8027318052,11.1777021789,13.759720403,9.89469465519,14.9782628542,18.4515999251,14.4492950851,17.0570344472,20.1997005732,20.1672847255,19.9348391816,22.1488722134,26.5846611587,24.0882162321,25.4360977002,29.5997734162,29.0594468306,28.7213148858,32.6295871985,27.9643972838,32.2427536194,28.0130957756,23.6266453,22.0616378033,17.7630836069,16.9164102311,13.7818949941,12.316427782,10.6118959784,8.57076253279,12.1793065979,11.6365876291,17.8023552959,19.7083538003,19.6294635496,15.5805575258,19.7160981068,14.2067890302,22.7985027805,17.1967138216,16.4217157976,13.8157578681,17.948246741,12.2634995109,12.270875265,9.21359397443,7.22642891769,0.0,5.28716936602,9.51534998621,10.6785653952,12.597298044,16.2021591049,12.6763833918,13.8796864355,9.43899672137,10.9513398152,11.8612841348,11.5190114337,14.535477481,18.2892121285,14.9741595224,20.6322485335,20.9379703605,22.5271644028,22.1117283716,22.9394353567,20.9960114985,19.6268341723,21.4282269255,22.9237180386,20.7207263619,22.3673194403,23.0520443487,27.6152131829,22.5370276841,27.1086147652,32.5253676516,24.9001396861,23.9806699747,28.873494223,30.7877868375,24.8721970164,26.9700841123,33.2937367644,31.6562286695,30.10453036,25.2436150768,23.1863429708,22.8653842044,20.2138744181,20.9551569568,14.9697594555,19.5168738016,11.5130577563,11.0990307471,9.08614933473,6.74129098397,4.38784509751,8.42152742627,8.19300907322,10.5045631306,12.4326117242,14.3363849522,15.3504654429,17.342608345,15.7635783578,19.4085631527,20.287587856,21.5081561078,23.5060970855,24.4603290143,25.808628585,25.6845996639,28.3134048554,28.542914066,31.5963860132,32.125411762,27.9714497487,29.8196577729,24.4233846031,20.8521562351,14.0792340376,18.1804518609,10.8848533579,15.2867866304,16.170543501,12.0701713055,18.2742534224,21.656957327,21.5816725512,14.9485588393,18.1537005412,21.3528260354,19.2544525131,14.3678540508,18.9988861149,16.2617996097,16.8235402628,19.4030080986,20.2034433854,24.1511979874,22.0103813365,27.0678388272,26.1735475204,20.1351488876,24.4645439027,29.4976021708,23.6909657991,21.4252226997,29.8618976422,27.9711713473,24.5619221035,26.2789647167,30.740348921,29.4285135453,27.5772362355,30.709245512,34.0775646491,33.6093671871,33.5024499219,34.6331209497,28.6449779023,32.1531560718,32.9441132131,29.5519171609,27.9706583557,1AUG ,1
I,I,I,I,I,I,I,I,92.0,I,A,0.426395939086,92,I,A,0.426395939086,I,-0.9971,I,0.06835,ILE,92,1.22536464315,1.27209353353,ILE,92.0,0.679316700098,0.737733454746,0,1AUG,I,92,I,43.9837933981,39.9612164413,38.3121695605,34.7245904144,31.5016603109,27.1744856325,26.3692330626,21.2670411928,20.2918433289,14.4048445925,15.0943997106,15.9281509145,7.94469085131,9.51038250026,11.3010968965,13.5962892459,18.3914360078,18.978870645,14.8681059806,17.6816256022,16.8037908594,21.5129090932,21.7997142681,22.4392313093,22.9525957016,24.8841722736,27.0608029012,28.8063224156,29.881536303,32.1343711724,33.3079817996,37.7536883974,36.988729898,39.9339326824,39.8393800847,36.2910892347,36.1165622605,31.9075757991,30.85633285,27.1624405008,25.7570319274,20.1652861661,18.3354639588,16.6902361997,11.3857025106,12.894310488,10.1526555911,14.6321163641,17.4108157551,15.2347410926,18.5523564638,20.653620657,20.6863290712,21.946547221,23.438308825,27.282087694,25.5565109553,27.6121275206,31.2539686618,30.0928038699,30.4761840996,34.672257133,30.6167277711,35.4449593252,31.6389016553,26.7702770513,25.7579275011,21.0795222266,20.1751862482,17.4146206788,14.8034547027,14.7448565758,12.0580535333,15.4250666713,16.5890632862,21.8707133527,24.3764036772,23.8594252451,20.3923747216,24.5342365656,19.1728096074,27.9584974888,22.0897779011,20.7736507158,18.0719259484,20.7607580135,15.1053847511,13.6191220706,10.9721241537,7.16414939505,5.28716936602,0.0,4.85389261848,8.76756199475,10.8277143562,13.855362128,9.21563124097,11.7182265939,6.10478122364,10.3697485265,11.1603014327,12.4567240692,14.8048078114,19.9595387274,17.287473325,22.7802111988,21.9977332238,24.5110629648,24.4339919927,26.3025802923,24.5639847894,23.6608855522,25.0265564521,27.652261236,25.3778627562,26.6824079555,27.4102852553,32.2141685483,27.4719980226,32.3083101655,37.3374410284,29.5149922358,28.9160058535,33.8416315029,35.3707358846,29.2799904721,31.8025942031,37.9642945228,35.697477056,34.3491205297,29.2271764137,27.3613085061,27.5261033854,25.1721929707,26.1561524385,20.1966013377,24.7898257237,16.7009281956,16.0745360979,14.2325788529,10.7686707108,6.54021305206,9.88453604714,11.7329493985,14.5314875312,14.2209726145,16.8912158427,19.6045137449,20.5956310048,18.6758144883,22.6502157222,24.111194468,24.2943084143,25.7706518204,27.8211464259,29.2516663196,27.9627904648,30.5033507565,31.0589977996,34.8296491086,35.2427102671,31.1807902257,33.8975396087,28.3811669945,24.7217049842,18.1568029179,22.4276448404,15.4908967754,18.8044189433,19.9050142763,14.2513439625,20.0954631565,23.6137684121,22.7078560371,16.15739842,19.6471858984,21.6935623598,18.4080849432,14.5837470583,20.2397934328,18.2976183955,20.0500178849,22.063363678,23.6797171991,26.906689049,24.0696498757,29.4420574154,29.4023229967,23.2551830842,27.2100491399,33.0004305152,27.4171208998,24.8940984759,33.3021351313,31.9552790811,28.5991148749,29.9692202736,34.5396342357,33.7726498872,31.7342494359,34.5878260006,38.2399297502,38.1356346859,37.8663063806,39.354518347,33.5822411917,37.1946761529,38.0978730753,34.7520891287,33.2328829822,1AUG ,1
P,P,P,P,P,P,P,P,93.0,P,A,0.339622641509,93,P,A,0.339622641509,P,0.4828,P,1.359,PRO,93,1.10451751888,1.28431856214,PRO,93.0,0.659395961733,0.836584805175,0,1AUG,P,93,P,45.3993877253,40.766075449,39.5823438086,35.0077814647,32.7697842834,27.6948400401,27.702537418,22.1053495919,20.9233835948,15.3397821807,14.4262084961,15.8124555228,8.73620144384,9.28636775709,11.2066087401,15.1825998849,18.6885281916,19.98891281,16.1838954331,19.947860158,18.6324733361,21.9302915317,22.9542688959,24.3507976107,24.3342961228,25.5040629492,28.5795196562,30.4061274066,30.3025025461,32.8359139545,34.4922990353,38.9974063623,38.8910601755,41.7540114088,41.5871723785,37.8983227629,36.9909974446,33.1756983741,31.2895099473,27.8410798657,25.4643482842,19.7009576304,18.2331603124,15.3500330887,11.4473975652,10.9761952876,9.427147693,12.6041278096,14.8801232262,14.3695075258,17.8784868178,18.9853663657,19.3829458484,21.7772517382,22.2941248615,25.7241671389,24.9220988475,27.3575021957,30.3313970961,29.1648667403,30.2095127566,34.1867945953,30.9361381219,36.239708743,33.0216257635,27.6270414224,27.5532668387,22.4316292852,22.1431777838,19.8643012865,17.7089941434,18.4426845071,15.9737073099,19.6484882078,20.7019100734,26.3879745787,28.6318153894,27.3238995465,24.1599219459,27.7964208145,22.3685146852,31.1941748659,24.9229977408,22.8512671139,20.3794556405,21.4630242884,16.5425864115,13.4486882708,12.6315877571,7.800666774,9.51534998621,4.85389261848,0.0,6.38433485935,9.42882139138,10.4891335123,5.30439447699,8.35239595816,4.52218645506,9.12131374347,10.8558921109,13.1079968784,13.7738749065,19.8594606912,17.53758165,22.5575966276,20.9454417536,24.3516669853,24.4561526513,27.2140319446,26.0121985996,25.4806914386,26.1002228575,30.1247578141,27.7945324735,28.6165795266,29.5991560675,34.703451808,30.4572091412,35.7480686054,40.2393190032,32.3879084394,32.4512706522,37.4967311635,38.4899207418,32.5663213929,35.7305433318,41.4804716929,38.8942002475,37.9782410511,32.7230994934,31.3452027997,31.3538587531,29.1407665584,29.8475841593,24.0051895237,28.5128724679,20.4024792405,19.16941237,17.7470552859,13.6304493681,8.7222211517,10.5157915006,13.9869429058,16.5951014758,14.1807681547,17.5346312499,21.6533894048,21.5091250481,19.298994183,23.5289663654,25.4587354928,24.5136286344,25.4346569669,28.5759288426,30.000421656,27.5474871356,29.928132723,30.8776766951,35.2516716857,35.6554570233,31.8070300493,35.597239204,29.8921718876,26.365752023,20.3877480349,25.1050916176,18.7540697415,21.7613463319,23.634153224,18.0178834396,22.846185874,26.812040648,25.2170387476,18.9345969229,23.1966969626,24.4983032827,20.809539394,17.9261318291,24.2864779954,22.4177930278,24.4559329135,25.8419857424,27.3398349652,30.0576892093,26.4072964805,31.9939276194,32.6926776933,26.1898093228,29.533589562,35.9182210047,30.3703512822,27.3190447501,35.609061362,34.7511629987,31.1745028304,32.0288299237,36.7080756614,36.4145716348,33.9274943726,36.4560837455,40.4267073439,40.6753844836,39.8670680429,41.8655261222,36.4604874605,40.4050537357,41.4313045101,38.3934460381,37.0510492249,1AUG ,1
D,D,D,D,D,D,D,D,94.0,D,A,0.0362694300518,94,D,A,0.0362694300518,D,-1.045,D,0.02657,ASP,94,1.3723959034,1.3705533754,ASP,94.0,0.978634936795,0.95579133934,0,1AUG,D,94,D,40.1783940919,35.2663906642,34.261054925,29.2725388299,27.7192664743,22.1408110006,23.0412624345,17.0211320766,16.1843005256,11.0033547112,10.3153074166,13.5040798558,7.89675281493,9.40900644404,12.0829135244,15.633063348,18.3406528578,18.79491802,13.7452159138,18.4748554796,15.6862519217,17.9808269839,20.4238245538,21.4488052424,20.3645813465,22.1769419453,25.8321067195,26.5050623409,25.5189322023,28.0047201227,30.0522765967,34.3894179093,34.7808457795,37.3803492306,36.8209777576,33.1677307451,31.7653233102,28.4675108683,25.9320202042,23.0418585534,19.9291578229,15.1352283977,12.7389606015,9.62175151834,7.41722402211,4.88991507887,4.74168097211,7.50592759734,8.99215842974,8.1883558008,11.8572980978,12.6153265971,13.1848020405,15.7465071249,16.0856257153,19.3910648197,18.7938417646,21.2119930678,23.9817040337,23.2328110376,24.3721284429,27.9447754621,25.0862796732,30.605975757,27.8758491606,22.1336079344,22.9918664539,17.5409765338,18.294535626,16.635361206,16.4899028983,17.3188594673,15.876247408,20.2894022161,19.8597479684,26.816795433,27.8851233878,25.2996059456,22.454580626,24.9989355818,19.7407064314,28.4837729543,22.2117460805,19.2331043441,17.9291502985,18.0423340959,14.7499002387,9.95350565137,12.8782542553,7.9248168398,10.6785653952,8.76756199475,6.38433485935,0.0,6.43308310415,5.85814958066,3.86775085494,3.85670707865,8.08038996718,6.96144411323,11.8682314435,12.9843052886,11.190064099,17.0636359838,13.376498259,18.0333658388,16.996321922,20.9048768206,20.5425508897,23.1964433289,23.0920027259,22.3265447201,21.6273006572,26.8604042385,23.9253672743,24.1511505226,25.2873617154,30.6188813269,27.1571552595,33.0770963689,36.5834585813,28.8929445888,29.954027422,35.0950275321,35.3163706699,29.929293997,33.9770955032,38.9256061547,36.3343426084,36.0692599437,30.8843826455,30.346566161,29.610045378,27.5823836229,27.7214142366,22.3658434058,26.8035414029,19.3302453231,16.8818740618,16.4463407595,12.9100058106,7.21455974724,6.18348942536,10.8887925514,13.5459060618,9.11173957746,12.2147258282,17.6442127032,17.2648359881,14.2832382431,18.1844473359,20.648901292,19.3554193122,19.4986004001,23.1127681675,24.9091675775,22.0412519012,24.008726755,24.8057236987,29.5900209405,29.7863755747,26.0894699455,30.6543421146,24.9189352839,21.5731308658,16.5352808451,21.6742633944,16.5165281053,19.5352548774,22.6933783612,18.7844544108,22.1618354582,26.8687208853,25.0873837399,19.0181689745,24.5181769892,26.1112052251,23.4324548987,20.3384187832,27.0900866035,24.1956839266,25.4928593725,26.1590599157,26.4532991563,28.9789501023,24.6478493374,30.2460628618,31.2923203787,24.2635360324,26.8650490358,33.4413017509,27.7715696234,24.0318481927,32.0731357081,31.5472972172,27.5791330791,27.8405982373,32.5670194429,32.6253224654,29.5910857391,31.7871765992,36.0061858413,36.5764685379,35.1592797632,37.6976739381,32.8759682392,37.1949653716,38.4410263984,35.954004746,35.0315468267,1AUG ,1
N,N,N,N,N,N,N,N,95.0,N,A,0.333333333333,95,N,A,0.333333333333,N,-1.013,N,0.0541,ASN,95,1.29409784454,1.21403009277,ASN,95.0,0.921155582995,0.846037073787,0,1AUG,N,95,N,38.6745809767,33.204799329,33.1247771862,27.2482995058,25.6485840302,20.410205766,20.3161454352,15.0570355588,12.9184052196,8.82200182178,5.18682133058,7.23442103507,4.65869814935,4.7253658086,7.12682661041,10.5952773085,12.1596661194,12.7961766803,8.92368502793,13.8473500005,11.8751755614,13.0323196844,14.8660647103,17.0521719726,16.551161069,16.6664438219,20.581272779,22.5563698537,21.4642463825,24.2630506669,26.1891340698,30.7884053452,31.4015438266,34.2833502958,34.6840546465,30.6544363876,29.0584087979,25.3399486058,23.082649073,19.4092722677,16.9663096989,10.4656543881,10.6791992262,7.56142206209,4.38179742275,5.75263382267,9.94476444565,12.8902235234,8.96978373247,9.64715603718,14.3834028043,14.117977647,12.3695477175,15.9257328167,18.2658869862,19.1033079757,17.6514292337,21.2352205418,24.3608791801,20.8850267506,22.1089359045,27.3568431735,24.0926024093,29.6011551806,26.857732349,21.6407315548,21.5663761654,16.892748426,15.934356278,14.8458396203,13.1243157642,15.8781496342,14.2909000494,18.3107069145,19.6497768611,25.3831002982,26.7030201705,23.1014051059,21.6088087905,24.3179391801,20.2779333671,29.7565832704,24.5685812112,21.814369548,21.5541895408,22.8617749853,19.7588305474,15.4280689901,18.0390606308,13.2243379272,12.597298044,10.8277143562,9.42882139138,6.43308310415,0.0,6.57564461077,6.32745467191,9.31175850906,13.0088382796,13.2345592494,17.8264096597,18.7518341324,17.3767145093,22.7819712858,18.0164395853,22.6487643166,22.491226577,26.2883344862,25.4997486671,27.2561407361,27.563356378,26.1189453979,24.8495895459,29.3867828881,24.9320489234,25.0990821245,25.1526121556,30.2633441523,27.3750831813,33.5896364329,35.9093798162,27.850185598,29.1315253521,34.1420720758,33.5915511934,27.8626342285,32.6577929569,37.0830706078,33.3606848877,33.4474018491,28.0133250967,28.0236996685,28.0252563674,26.8368240253,27.9956818132,22.9486508869,28.2143444912,21.4687695062,18.711037926,18.5818962632,16.6464341193,9.68752272058,8.28576609697,11.3158003024,16.6614048468,12.9785862315,12.9356200682,19.1094586557,21.0286723999,17.1325280521,19.1545542149,22.4403032749,22.6544217829,21.6230389889,24.4854230839,27.5203624207,25.3425776806,26.4358926795,25.9188325912,31.2433122756,30.2721069192,26.44980783,30.3635870908,25.4772605782,21.5392465829,16.487685056,20.3680876806,16.1717967913,16.7933985503,20.1466543556,15.9584604584,17.6094240006,22.5185189316,20.0052382125,14.683842139,20.857408169,21.60669437,19.3104406353,17.1720830916,24.6389090734,21.5809470617,23.4300523812,22.7523314966,23.3298040881,24.796300333,19.8049595222,25.4588942602,27.4632651977,20.5638849912,22.5735652059,29.7709993739,24.6645258932,20.9864307016,28.634430456,28.8117336634,25.3697504182,25.4565760314,30.0517843009,30.8985554718,28.2507910768,30.097878832,34.374695135,35.4878180658,34.9311753166,37.5502760212,33.0887361214,36.9899782294,38.6537634626,36.0213924354,35.4625472678,1AUG ,1
E,E,E,E,E,E,E,E,96.0,E,A,0.497757847534,96,E,A,0.497757847534,E,0.4811,E,1.357,GLU,96,1.03386203372,1.0501328606,GLU,96.0,0.722336390176,0.718627213664,0,1AUG,E,96,E,40.4699151802,34.6820579393,34.6771787397,28.207266342,28.0159076248,21.8753419292,23.4739988805,17.585054573,16.1816390286,12.7095273829,9.27904346176,12.7469179393,10.6541412858,10.7002049453,12.8388124701,17.0764724306,17.7994050241,18.7940137589,14.8776682794,20.067394121,17.2442925648,17.1053176838,20.2740239358,22.3200830189,20.7781738872,21.1089212136,25.7287810446,26.7068393345,24.1723081731,26.9915323768,29.5517638011,33.8724427942,35.1596369265,37.6633951256,37.3677947796,33.5158464755,31.1484335211,28.3672000013,24.9270266849,22.3196549821,18.2216107763,13.3292915502,12.4891295397,7.74948917014,9.05544913216,4.51713088009,9.41267221779,9.43023371194,5.19394260941,9.00308835227,12.8434449977,11.1825016597,11.177044545,15.8036495769,15.6718650782,16.7847500247,17.2858336624,20.6365190636,22.4907317666,20.582918806,22.6616672297,26.4724148452,24.6629501183,30.5843509455,28.7230045104,22.8267844742,24.4723198836,19.2123162742,20.0628355728,19.3098201748,19.2128309893,21.2015558509,19.9418203542,24.2624499509,24.3727523681,31.0660118091,31.9423411584,28.2916021836,26.3405596603,28.3345624329,23.7618332714,32.5023615689,26.5697009876,23.0802303454,22.6621341554,21.7873664626,19.7450392211,14.1449198759,18.4555678058,13.6088069194,16.2021591049,13.855362128,10.4891335123,5.85814958066,6.57564461077,0.0,5.27888955664,5.38417077176,12.9669376869,11.6416609828,16.8060553768,18.1604728412,14.9472980876,20.7136953503,16.8830322989,20.4756948036,19.2345939713,23.8910128489,23.4030265006,26.3366373345,27.1493783615,26.3934238484,24.5169447086,30.7333500243,27.1058474999,26.7341257433,27.6284699801,32.9926187948,30.4737364329,36.8431977422,39.1287899115,31.4958260113,33.3438393861,38.4307453376,37.731825113,32.5839990682,37.5015980392,41.6764086258,38.3844774018,38.7518951858,33.4847537251,33.6771136534,33.0385337535,31.5241994943,31.7909803532,26.8476529205,31.433973762,24.4933367973,21.5310628443,21.5848871798,18.5132591445,12.6093715071,10.4034599792,14.9050974558,18.1414139342,12.4055320517,14.217946513,21.0375552994,20.5972357288,17.0073541881,19.8697891069,23.1453767378,21.3576233179,20.0178077258,24.4883465241,26.8644311007,23.0478505945,24.154237146,24.7051731116,30.4047566286,29.9754281921,26.6434901799,32.0977485679,26.7639138468,23.51979787,19.5950949474,24.3280924509,20.4773580128,22.1817613179,25.967659926,22.2288056326,24.00850821,29.0186896616,26.460066917,21.2355680368,27.3715741503,28.09536382,25.45557432,23.4073019513,30.7773391574,27.8438189851,29.4789172006,29.1472408355,29.335521044,30.940471246,25.7422750586,31.3014542631,33.391868035,26.3030169471,27.8842078145,35.04415214,29.8011353841,25.6659768197,33.0402648909,33.3477601892,29.4621268358,29.0262065222,33.6406281522,34.5581355985,31.2460720952,32.8195193381,37.3165013493,38.5180595625,36.8554255609,39.980413183,35.8792778769,40.2874678421,41.8358724283,39.6832944455,39.1365820738,1AUG ,1
G,G,G,G,G,G,G,G,97.0,G,A,0.528846153846,97,G,A,0.528846153846,G,-0.6264,G,0.3916,GLY,97,1.10470405231,1.06035335672,GLY,97.0,0.739094919417,0.700335226125,0,1AUG,G,97,G,43.2069585336,37.9361644148,37.3797060753,31.7807176446,30.5186975536,24.8731662882,25.5834960479,19.7612798989,18.3459151125,13.5566425822,11.1315325213,13.3934168349,8.43749822752,8.47976114843,10.6735601738,15.2842802073,17.3290814885,18.691552345,14.8833281033,19.537585177,17.5294356508,19.1782418218,21.1605149845,23.0662962577,22.3756898503,22.9585018504,26.8731650422,28.4826241274,27.1883792791,29.9227774678,32.0264559952,36.508389003,37.1049670426,39.8402716719,39.6813685569,35.8545594208,34.2073021589,30.8261808254,28.1829561458,25.0275751841,21.8424668992,16.1805295106,15.1609331586,11.2989483651,9.29491823841,7.00405731896,8.52475321319,10.3818021782,10.0706277518,11.354794211,15.2620773488,15.1236120946,15.3086205495,18.8312078877,19.071265358,21.4279752684,21.215122465,24.1694594365,26.6363911095,24.9838696331,26.5541706719,30.5662503494,27.9790141226,33.6427708983,31.0557137491,25.3564150762,26.0731443415,20.7951366006,20.9546326714,19.3888121574,18.0457148352,19.6287853511,17.6804590905,21.7746429692,22.5205464645,28.73752034,30.3571738462,27.7818981148,25.2591161423,28.1547024347,23.0975061374,32.0851313658,25.9058781265,23.0581777207,21.5928729358,21.6550782424,18.0963111597,13.4294543857,15.4786297218,10.3270308301,12.6763833918,9.21563124097,5.30439447699,3.86775085494,6.32745467191,5.27888955664,0.0,5.1009876637,8.43616909604,9.62807316318,13.5690580652,15.4859179613,13.9461891505,20.2117086199,17.0774426244,21.5367800042,19.9810578013,24.1609635628,23.9955272418,26.9464890772,26.7489538389,26.1054970387,25.4646898269,30.6749539986,27.6136223356,27.8520019861,28.7687023853,34.0670070934,30.6465521368,36.559987758,39.9435545795,32.0897602144,33.0523789433,38.1693976963,38.2873694249,32.6509684253,36.7731945828,41.7654492366,38.7169886844,38.4493652247,33.1055406498,32.5283464929,32.2807617106,30.4420781032,30.9973815381,25.5209195761,30.1862871317,22.5469397843,20.3528578475,19.6783013337,16.0105512879,10.0862610625,9.70653418971,14.0726268738,17.2686225648,12.9368457455,15.6983040247,21.3681619252,21.091043302,18.1001244872,21.7692846109,24.4328304648,23.0443198072,22.872275871,26.7252645694,28.6560254804,25.4600700415,27.2557511349,28.0261239842,33.1153353483,33.0912122329,29.452810201,34.0890010963,28.5194646411,25.0433338658,19.9110154348,24.7123610136,19.4881092018,21.76693714,24.6606650593,19.7890388492,23.034438268,27.6104852501,25.3971578524,19.576815732,24.9555382858,25.8268433168,22.5472901088,20.2317633275,27.3335995384,24.9217714095,26.8782545482,27.2880260125,28.215586625,30.3113809672,25.7649753132,31.4390013861,32.9411388588,26.0632366561,28.5492808105,35.4643004599,30.0471327236,26.417795828,34.3516217145,34.1141258294,30.3781009432,30.6012008596,35.2968068835,35.6496185602,32.750562102,34.8188190755,39.0905168144,39.8434061363,38.646563325,41.2253644339,36.431383408,40.6267793413,41.9408558724,39.3088409801,38.367118143,1AUG ,1
N,N,N,N,N,N,N,N,98.0,N,A,0.266666666667,98,N,A,0.266666666667,N,0.3892,N,1.277,ASN,98,1.13577370856,1.16519414426,ASN,98.0,0.782800656909,0.78388306087,0,1AUG,N,98,N,41.6071974456,36.5374882261,35.5940252854,30.3072381671,29.5265180726,23.5369531165,25.2764440151,19.0577121623,18.4991601558,13.8745025736,12.7702555635,16.3838550698,11.6376526531,12.7055645096,15.2133955466,19.2083378311,21.3517944361,22.0451387446,17.1403434152,22.0664772543,18.9857859188,20.4888089032,23.4995437007,24.6180542267,23.0768747971,24.8063008749,28.8538598683,29.1493139196,27.4190332762,29.9226544572,32.2853132497,36.4779759668,37.2376662765,39.6415047614,38.7418034037,35.1897321594,33.3725319604,30.5735035305,27.4457468824,25.0869390698,21.2077261221,17.1185644641,14.5158938223,10.8134599061,10.6212076071,6.11203135307,6.00623076526,5.58606208775,8.4578583919,9.06418616947,11.7902239592,11.7983703455,13.4760263501,16.4533585858,15.2193807034,18.8058893185,19.293103688,21.5040576413,23.4918617173,23.6763510822,25.2421822927,27.9818030611,25.9676424871,31.6530693986,29.4387868781,23.4061017021,25.1695529425,19.5342742922,21.1210440392,19.726334395,20.2107515976,20.8926504835,19.6242829098,24.072945263,23.1696726704,30.4475246148,31.2962263621,28.6378768822,25.6796521074,27.8059466698,22.406617029,30.5847454734,23.9900897312,20.6366949214,19.2549499635,17.8422654439,15.3671394058,9.82072252351,13.8522572956,9.29014264855,13.8796864355,11.7182265939,8.35239595816,3.85670707865,9.31175850906,5.38417077176,5.1009876637,0.0,8.9847534444,6.58963321676,11.6750235747,13.1472269853,9.88918715426,16.0602989892,13.2961568022,17.1014196195,15.1629428955,19.6803153397,19.5853920949,23.0693981312,23.2636630894,22.9968367492,21.9536042428,28.1538015891,25.7594042424,25.6651549991,27.2471231405,32.6554693352,29.4572330086,35.4063157973,38.841653644,31.4344246306,32.8092962035,37.9479534615,38.0566609727,32.9965795494,37.1249588514,41.8914299992,39.4841993263,39.3885280667,34.2914039021,33.8878985539,32.8648342623,30.7246630818,30.4108475586,25.2118646392,29.2047869493,21.7948940909,19.3020716107,19.0012887115,14.9550822509,10.4513745202,9.04547879787,13.9552259035,15.3120696404,9.78131078637,13.8822449052,19.4910602349,17.603295666,14.9771455318,19.2882151461,21.6797777954,19.1100764204,19.1436627286,23.6815257486,25.0080641579,21.1127758065,23.1379295823,24.6414552116,29.5622035141,30.1084802805,26.7402210402,32.129150649,26.2149662549,23.3138273579,19.0362316477,24.4549668612,19.6699872335,22.9683632259,26.3455784143,22.6375574426,25.8638496734,30.6522608517,28.7502038035,22.8006752311,28.360210344,29.8253023186,26.9712370728,24.070620036,30.8175819942,28.0178396638,29.2671398252,29.990525175,30.1267091978,32.618653083,28.1027368311,33.6780846247,34.8581661368,27.7506220993,30.0733153405,36.6816334154,30.9954363005,27.0363553096,34.8763885841,34.4662277827,30.3131047441,30.2807185334,34.9848455504,35.1172201448,31.7543444245,33.7710003989,38.0878042189,38.7188986457,36.704950623,39.5134452801,34.9385299368,39.5029960819,40.6821017963,38.4808723049,37.5790595528,1AUG ,1
Q,Q,Q,Q,Q,Q,Q,Q,99.0,Q,A,0.431111111111,99,Q,A,0.431111111111,Q,-0.7653,Q,0.2704,GLN,99,1.13024855913,1.2734753597,GLN,99.0,0.631317399284,0.819721254475,0,1AUG,Q,99,Q,46.1897724689,42.0520139818,40.2468741264,36.4421692292,34.0578605841,29.0346431918,29.4095229853,23.6421416491,23.1218022113,17.2711221948,17.6125193672,19.6216573089,12.1036404313,13.4147286599,15.4939256651,18.9109398075,22.8944618945,23.7853048765,19.2328874177,22.8683649435,21.0764673119,24.9389818433,26.2907347404,26.9611819895,26.6529168804,28.8181254131,31.6801714457,32.7073509719,32.8308164485,35.1356620656,36.7724749974,41.0955393598,40.7581744298,43.445995876,42.723950528,39.3147802535,38.6600942731,35.0407866956,33.1731038751,30.1177774758,27.6170052866,22.6976617331,20.1179761766,17.6330194616,14.0680751737,12.9425104677,9.02729865398,11.7193688647,16.8160279816,15.2974965962,17.7918651307,19.6456045215,20.9838301003,22.5115301599,22.1917850064,26.8988912655,26.2973513941,27.9718784186,30.8402559653,31.1243936488,31.9518830027,35.0302149889,31.8666317907,36.9772179186,33.6957244008,28.2465732421,28.4970447001,23.2141477287,23.7175982154,21.1965295905,20.0443689507,19.6007291084,17.4530494935,21.1327126583,20.8986026412,27.1401425241,29.1111101233,28.5246706053,24.6180928285,28.0747729256,22.1210574453,30.1077308462,23.3816121068,21.4737467444,18.2086188758,18.785977308,13.5149378937,11.2287909439,9.09748689198,5.03333136167,9.43899672137,6.10478122364,4.52218645506,8.08038996718,13.0088382796,12.9669376869,8.43616909604,8.9847534444,0.0,6.69215247346,6.49436788254,9.17394029738,10.7698996244,16.6073221567,15.5589138544,20.3982505179,18.3482106758,21.3154277012,21.7759467795,24.8766327455,23.1500230596,23.1057559435,24.413092697,28.3738259831,27.1791936212,28.123425307,29.679254214,34.7364818251,30.1406124609,35.0242686357,40.2987851683,32.8215245707,32.6525820491,37.6626685355,39.1972769532,33.5680166472,36.1381388596,42.1734694274,40.3710023457,39.2153278015,34.2165292658,32.5110464141,32.0381425766,29.3327922993,29.3852075223,23.5334264406,27.3016461256,19.0038110087,18.2657296526,16.5923615961,11.5731019969,9.06860632265,11.3090091158,14.6680985105,15.2611432265,13.46183132,18.0715353202,21.1158134381,19.705802006,18.4500932183,23.4888152386,24.7050488017,23.1291835928,24.9518424644,28.1190111775,28.6949998485,26.2145560847,29.134596978,30.7511967372,34.5146285787,35.6283135976,31.888068056,35.7333148199,29.6969968516,26.6009803439,20.7857544698,25.9235140929,19.2636283049,23.4991898835,25.1948077819,20.1964661763,25.7195470008,29.5321924487,28.4595414267,21.9268283431,25.7405170039,27.6784363388,24.1466078643,20.6353939929,26.1353886484,24.3125365185,25.7708443838,27.9720068527,29.1457540713,32.4885412089,29.2924623616,34.7700948673,34.8256221284,28.3559499122,31.9987711259,37.89233933,32.0745993887,29.0808341598,37.4891872748,36.1692076569,32.3647573064,33.3726895685,38.0483354361,37.2210052714,34.6181015489,37.3671720546,41.1963272065,41.0500177873,39.8292293559,41.643102323,36.0266609732,40.1088530785,40.824243671,37.8787486162,36.2877942656,1AUG ,1
P,P,P,P,P,P,P,P,100.0,P,A,0.062893081761,100,P,A,0.062893081761,P,-0.8744,P,0.1753,PRO,100,1.34864627509,1.29432498195,PRO,100.0,0.884547299934,0.813258402664,0,1AUG,P,100,P,41.5653364706,37.5720569981,35.4801472254,31.9457537691,30.0886370401,24.7725168126,26.1960385221,20.1196060818,20.4507439809,15.0290273255,16.5181613252,19.9755487273,13.3966296061,15.5711044889,18.2167920818,21.1668541245,24.7841917955,24.830844188,19.0443746117,23.2366386551,20.0507059521,23.4054271802,26.0127658155,25.914934367,24.5468859327,27.852268956,30.9843818465,30.5040879647,30.0526781407,32.0978263572,34.022882278,38.0086919918,37.9574124932,40.2600303641,38.7970974719,35.6557568115,34.7536517017,31.7899311654,29.4182773277,27.2068826199,24.1031146912,20.8168026063,16.7908418185,14.7765407299,12.920420114,10.3327656823,4.58927005317,5.85346266846,13.6571696868,10.9079344255,12.049615115,14.4498041887,16.8242740749,17.5002397747,16.1719238491,21.9372914036,21.683375702,22.5865781402,25.1386623362,27.024429471,27.7155061802,29.6387248847,26.9389711621,32.0109056266,29.1656959359,23.4368688918,24.795496303,19.2091701918,21.2486377643,19.1502979963,20.3413944952,19.3184737614,18.2841165012,22.5808577954,20.2897952853,27.9997277832,28.6765911585,27.3190003021,23.2890476069,25.5353070928,19.431238728,26.6755702595,19.5890745431,16.7937035871,14.1156363507,12.966011411,9.27150414173,4.94757203005,7.53387047166,4.24015566801,10.9513398152,10.3697485265,9.12131374347,6.96144411323,13.2345592494,11.6416609828,9.62807316318,6.58963321676,6.69215247346,0.0,5.92505474038,6.59433147082,4.74292102878,10.884090332,9.33291691921,13.8457101164,11.9381326238,15.2718594247,15.5044690909,18.9212255029,17.9936114478,18.0906964618,18.5324605185,23.8359650409,22.9066023387,23.3442654416,25.5100344507,30.7158235102,26.6627787237,31.8807975208,36.6893741935,29.6760917364,30.3154810482,35.3680830375,36.4990543604,31.6142808759,34.6376063635,40.0425926176,38.7361444181,38.0504090313,33.3052575679,32.202848943,30.7426623223,27.9333934848,26.994883253,21.6727398871,24.8487035063,17.1536883542,15.4548664284,14.6832813245,9.72876077577,8.37853836639,8.58909453562,12.4894142772,11.1996651892,7.84812917209,13.6572486597,16.7929378364,13.8359640425,12.7551968234,18.2934233309,19.3492066227,16.7701414007,18.742130537,22.3781909492,22.5652580015,19.6060433141,22.6507078495,24.718442578,28.33278859,29.8364642315,26.3558004913,30.9532058301,24.6584727143,22.1342449265,17.4527995253,23.2036440596,17.5564276582,22.5312286597,25.2243107305,22.0645905013,26.6675561681,31.0138128478,30.0408194277,23.5823943135,28.2433885851,30.7052646078,28.0555440123,24.1066950937,29.7015570637,26.9531188811,27.4815220202,29.4006580389,29.3227262139,32.8131864708,29.3176544489,34.6877182085,34.6814537357,27.8298048025,30.9672919788,36.6601929234,30.6231266231,27.1017993293,35.2486236652,33.9376223195,29.6637273616,30.2288236003,34.8857007361,34.0203785454,30.8441564556,33.4177412246,37.3432838049,37.2257507949,35.12327705,37.3270560389,32.1560106862,36.698171742,37.4237530991,35.104367837,33.7846254259,1AUG ,1
V,V,V,V,V,V,V,V,101.0,V,A,0.563218390805,101,V,A,0.362068965517,V,0.008139,V,0.9449,VAL,101,1.24421028987,1.35306663667,VAL,101.0,0.633877054977,0.746654410411,0,1AUG,V,101,V,45.9606356616,42.5557230615,39.9304576601,37.2532140337,34.8228020731,29.9681963363,30.962453692,25.1575318712,25.5764977249,19.828454045,21.6412256392,24.460760864,16.980536134,19.0183426665,21.3622600611,24.1548701966,28.4562665271,28.7123329897,23.2250916758,26.7683464313,24.2096164013,28.4469747931,30.3882222661,30.086205158,29.2256366149,32.6992501249,35.3398752658,35.0907226703,35.3701874961,37.3011115735,38.9382164802,42.900221454,42.3480738421,44.6950402479,43.1317386846,40.1875852647,39.8143741626,36.6343978081,34.7456816593,32.3908963693,29.732852932,26.2112809551,22.2735526426,20.5051528415,17.7371632809,15.9742196701,10.0938748889,11.4137814639,19.4560909151,16.6605242071,17.4391043042,20.2347892338,22.7048322434,22.8987514768,21.4531812188,27.7250126859,27.3684965006,27.8788587451,30.5033087249,32.8454646985,33.3231038625,35.0120828542,32.0864250459,36.7938170536,33.5891361578,28.2054058608,29.0572614297,23.7537963985,25.4768762369,22.8991506337,23.4347328151,21.6479396328,20.2735145731,23.9571705797,21.6984537328,28.7634795517,29.9523474106,29.998127384,25.3338540178,28.1105514429,21.7360072399,28.0869888661,20.9040159683,19.1279212133,15.0381927086,14.3814331392,9.25321859075,8.66895033876,5.2863569088,5.36270152425,11.8612841348,11.1603014327,10.8558921109,11.8682314435,17.8264096597,16.8060553768,13.5690580652,11.6750235747,6.49436788254,5.92505474038,0.0,3.69805424834,6.93488656669,11.4013631671,12.5868944136,16.6684203576,14.1997914038,16.2135886296,17.1684391086,20.6785317569,18.3553661307,19.1057586678,21.2160697439,25.207662979,25.6800589312,26.637382443,29.0143432586,33.894493431,29.1156731697,33.4285548873,39.4716858848,32.746389229,32.5074651357,37.3716889252,39.4323729782,34.4727736356,36.4012321747,42.4953475379,41.7973066908,40.5087754627,35.9700188767,34.0994705201,32.7861531231,29.5366062592,28.4899110226,23.0119275016,25.4830805452,17.5364666373,17.2688874593,15.6522241876,10.0369891036,11.4343509419,13.298791912,16.1354030616,13.6886849734,12.8363461443,18.6162301688,20.0371351382,16.6284513921,16.9318471689,22.7602199302,22.9126109293,20.3933902668,23.4368222336,26.5122212988,25.8282068661,23.4013417423,26.9834061318,29.4786755489,32.2505769924,34.3494716016,30.8978173369,34.8316891398,28.4947640042,26.1952995035,21.1360152739,26.6507388632,20.232038351,25.8061485458,27.5221940007,23.8799331385,29.6698899438,33.4184094056,32.9280403507,26.2742438493,29.8354597511,32.5490929312,29.5101613775,25.324173842,29.8893848822,27.83492995,28.3348076645,31.2534449665,31.673661868,35.6763018351,32.937863864,38.1889587281,37.5121577549,31.0979337088,34.8628610479,40.0471387838,33.9675620043,30.980545951,39.2804720247,37.4397941514,33.3319679411,34.3953209969,38.9611838422,37.4880151443,34.665538445,37.5875497353,41.1864061186,40.5535826382,38.6265593536,40.2576688583,34.5906406809,38.8858766679,39.1940635564,36.5942904999,34.7955653106,1AUG ,1
G,G,G,G,G,G,G,G,102.0,G,A,0.509615384615,102,G,A,0.423076923077,G,-0.8991,G,0.1538,GLY,102,1.48600572874,1.35145078845,GLY,102.0,0.797630012594,0.692255188615,0,1AUG,G,102,G,43.4389058395,40.5111748388,37.4554079272,35.5504662754,32.8017446682,28.3105815426,29.3131119783,23.7342735608,24.6296268574,19.0388171173,21.9000574557,24.9534175704,17.6092490319,20.1484250506,22.6286105878,24.7395694162,29.2986975311,28.9929159587,23.0102193378,26.3088531962,23.4079839377,28.0097806752,30.0887478407,29.1260777043,28.0807936182,32.3419578376,34.6499365425,33.7131793153,34.3588625803,36.0151248202,37.5043827124,41.2515011447,40.4579826818,42.6529842738,40.7719190966,38.0706690505,38.0204282421,34.9451643292,33.3159520138,31.2210262147,28.851274395,26.0654213735,21.4975288294,20.521996547,17.7798336228,16.4413630942,9.92785180605,11.481554178,19.9791951155,16.0734911565,16.130911017,19.6688983573,22.2290161303,21.4294876147,20.1716890694,26.9931608047,26.2599986734,26.1870980681,29.0391870743,32.0297654155,32.0873860076,33.3718062428,30.2043985228,34.5464068747,31.2059864846,26.0782525642,26.8915584451,21.7921104592,23.9020181024,21.3009497428,22.7364586421,20.2535504019,19.4158349843,23.079861651,19.7162291496,27.2019727168,27.8376288321,28.0655465612,23.1446807071,25.5344698912,19.1122227328,24.7612283003,17.5226999114,15.9137957588,11.5672941639,11.1881199383,5.68188309409,6.95809058759,2.82599402932,5.82254999947,11.5190114337,12.4567240692,13.1079968784,12.9843052886,18.7518341324,18.1604728412,15.4859179613,13.1472269853,9.17394029738,6.59433147082,3.69805424834,0.0,6.19282007008,8.85955406177,10.0847808457,14.2166058217,12.5727349743,13.6551729237,14.4327866838,17.4114962447,14.7934682595,15.5127378441,18.0648725609,21.648216761,22.6157907124,23.6712486082,26.2645174264,30.9764299547,26.1148171397,30.1926540495,36.4665931856,30.0838887526,29.7992143658,34.5661045217,36.8163330879,32.1946049063,33.8626387739,39.8897126899,39.691906014,38.3671719168,34.0973837954,32.2313493937,30.488498615,27.0646283011,25.5570965519,20.3428401549,22.3093897923,14.6913252987,14.5267498262,13.0590821489,7.64667287639,11.0141341475,12.7053179126,14.7509551001,10.9473187757,11.3635845976,17.0287383783,17.2999567252,13.6168426635,14.5817015032,20.4576326266,20.0571010707,17.7956090383,21.4250221595,23.9033794842,22.880738975,21.1344973572,24.9061203173,27.3707483107,29.5654993691,31.919069452,28.4935165439,32.0611742381,25.727544491,23.7140697429,18.9639928069,24.4518287095,18.3006676441,24.404992101,26.126794409,23.469270556,29.1796903338,32.8751760026,32.7526401964,26.1442798751,29.6281639003,32.8305546101,30.3355119601,25.7181050783,29.8595281331,27.4441396262,27.3216551981,30.4272985814,30.3126059822,34.61029111,32.1915841082,37.2219790764,36.1265485003,29.8259234014,33.6316705653,38.3314290792,32.1878748558,29.2942124941,37.4451988569,35.3217116636,31.1460385655,32.3020537028,36.7517913411,34.9452992905,32.1331691239,35.1667865144,38.5806024022,37.7069072691,35.6553492717,37.1157166171,31.4121460577,35.7302817373,35.9110785867,33.4468366839,31.6262122728,1AUG ,1
E,E,E,E,E,E,E,E,103.0,E,A,0.286995515695,103,E,A,0.286995515695,E,1.144,E,1.935,GLU,103,1.2194223923,1.31175570079,GLU,103.0,0.757435391937,0.788978608976,0,1AUG,E,103,E,41.382786115,37.8259405323,35.2568119892,32.3893947665,30.8515847236,25.5889335839,27.7292520729,21.7279399591,22.7521940399,17.8406376403,19.9950635375,23.9142035387,17.7672769272,20.1096338999,22.8111020215,25.5388274348,29.1110474281,28.853982925,22.6853566961,26.8356800592,23.1551241072,26.3466910923,29.4588975166,28.823813747,26.9544429442,30.9769856767,34.0741098204,32.6515042673,32.0155535505,33.7834672868,35.8044640828,39.4479675875,39.4319190772,41.406023965,39.2742169865,36.5044361615,35.6100637991,33.1852806157,30.6058116341,29.1034455831,25.7187761353,23.6891352603,18.8889249894,17.3551306058,16.5601281894,13.4619185192,7.82946571534,6.45629746038,15.8784939672,12.7057798086,12.0002713543,14.8212474102,18.2154382907,17.9421909142,15.2334223469,22.1471614518,22.3895032462,22.3180946287,24.3569704267,28.0295912739,28.5776142569,29.1790270668,27.0087154273,31.7867954564,29.2766718939,23.5782140109,25.7258860651,20.2170540029,23.3218204935,21.4195012178,23.81074192,22.1368755719,21.6525547877,25.906304494,22.4028991131,30.5774866357,30.6163978841,29.4286880093,25.099605676,26.5922276594,20.4290332279,26.2304857306,18.9257587034,15.921037937,13.123583404,9.73117651895,7.81363146244,4.02131278162,8.27544350412,7.88178576459,14.535477481,14.8048078114,13.7738749065,11.190064099,17.3767145093,14.9472980876,13.9461891505,9.88918715426,10.7698996244,4.74292102878,6.93488656669,6.19282007008,0.0,6.5456145719,7.24139919674,10.3808055269,7.63897966357,10.8599376154,11.493556321,15.7465021857,14.9203418045,15.7758268243,16.2404214709,22.2559975998,22.5360808027,22.7311349142,25.5897103947,30.6468305161,26.78816333,31.6907488614,36.6979550521,30.3737475154,31.2254193819,36.1261988401,37.3916590432,33.1547809595,35.9233601475,41.111056895,40.5124758592,39.8992365313,35.506580276,34.4799980263,32.3975780833,29.3371611731,27.5483951427,22.7447395128,24.9034015865,17.9000872194,16.2870433479,15.8717672132,11.1234508836,12.0838973794,11.757676809,15.0613141716,11.5755449058,8.47903671962,14.845777831,16.9046538847,11.7750666045,12.061519324,18.0660089868,18.3561997317,14.4323805065,17.240022367,21.1510582651,20.2536075043,16.8312867696,20.3772752807,23.3495924778,26.2844568066,28.5910639742,25.5055780649,30.5023913482,24.0394416323,22.320973598,18.7341051164,24.6331430039,19.6369251648,25.2175320452,28.0527900358,25.8162816873,30.3209883572,34.6681929218,33.9460982474,27.5458368333,32.1443205547,34.9410335272,32.542881277,28.3486512414,33.5306060604,30.6378229327,30.6330732716,32.8121893385,32.1889301518,35.9451568349,32.6227173431,37.7978146184,37.4702104774,30.6708863732,33.66851992,38.9130772541,32.7962331791,29.2034493256,37.0530769652,35.5303621999,31.0402607494,31.4589115189,35.9701546695,34.7934018021,31.342165401,33.8783119948,37.6734205267,37.3213167322,34.4856556255,36.7370330914,31.788440051,36.5593043692,37.0463635458,35.1666559597,33.8313455521,1AUG ,1
D,D,D,D,D,D,D,D,104.0,D,A,0.39378238342,104,D,A,0.347150259067,D,0.7096,D,1.557,ASP,104,1.21193853577,1.35956224334,ASP,104.0,0.695756687638,0.856468800795,0,1AUG,D,104,D,39.8850423182,37.3764598078,33.8958905755,32.6540041816,30.9227079518,26.36749593,28.8613820874,23.4504935304,25.3701281702,21.0941303891,24.537787119,28.6587025573,22.7945380469,25.5540753616,28.3032815491,30.2671943685,34.1321503963,33.2366365304,26.5977234941,30.2776874332,26.2077695514,29.712362107,33.048861806,31.4290691992,29.201167527,34.3808399735,36.9734055514,34.3158349018,34.0947460099,35.3211811315,37.1508598458,40.2528184247,39.9139513329,41.459549528,38.4955789718,36.3620321819,35.9451794155,34.0349561763,31.7533285036,31.0214279147,27.9715631469,27.4642023152,21.8284115517,21.5024745363,21.0487962484,18.5010543306,12.8605038621,11.4515067748,20.5258554531,16.2564140797,13.7576778396,17.4565437551,21.2274284276,19.1509029904,15.9606226395,23.9081400672,23.9718550452,22.4467930206,24.312946022,29.9375703999,29.8431856633,28.9674596074,26.9226423387,30.8297293145,28.4334992024,23.3314730025,25.8638862376,20.9607989809,24.9889047205,23.2248307793,26.9861809542,24.2817762435,24.577375645,28.5416663876,23.4513364543,31.8843941541,31.0081248137,30.32108677,25.6396616312,26.1511314237,20.2331703294,23.6021730541,16.4846796766,13.7765281787,11.0081604566,5.03089661769,7.02090734367,7.41148198705,10.6603834277,12.8460364424,18.2892121285,19.9595387274,19.8594606912,17.0636359838,22.7819712858,20.7136953503,20.2117086199,16.0602989892,16.6073221567,10.884090332,11.4013631671,8.85955406177,6.5456145719,0.0,6.60997074425,6.82164079647,5.22412948155,4.83892384368,6.00699549888,10.5702514227,9.43126104365,11.3478661171,12.5072801572,18.3846526604,20.5676138912,20.6926553283,24.3060979589,28.8274613084,25.1000305021,29.2002270885,34.6454709084,29.4647109579,30.3094215354,34.8218436932,36.4820788978,33.1910906517,35.2899075452,40.2097271184,40.7609906008,40.0911122094,36.347240691,35.3050021473,32.4234994702,29.0593453488,26.1815531662,22.3337269421,22.9230548469,17.4524789498,16.2262901451,16.2849951521,12.7679216586,16.2590349813,15.8145499847,17.7001503167,11.9039738278,11.1240702849,16.624233226,16.2121671769,9.056978264,11.8222018004,17.6095420418,16.3886824781,11.7492076973,16.1858977302,19.1804009453,16.6535319904,14.0315658682,18.2588632264,21.9210757557,23.2239037392,26.6177391597,24.0019935437,28.6288043845,22.2391885036,21.6596178471,19.4588922559,25.0520728957,21.002866863,27.2434523027,29.9482338703,29.1631234501,33.6026781492,37.7262438129,37.5853012762,31.3423070051,35.5782759782,39.0060590845,37.1923937815,32.5072466352,36.8465998215,33.7102391331,32.823598918,35.4139540598,34.0242177889,38.2250690785,35.5029416542,40.2266720544,39.1786631314,32.7421611054,35.7115027678,39.9793439796,33.8711591059,30.5024256055,37.8156006703,35.797701162,31.2188946228,31.6877140989,35.8398096927,34.0015334645,30.485248572,33.1022066514,36.4566303103,35.5783475577,32.0700047172,34.0409088987,29.294845515,34.1442046478,34.2245385425,32.8868634371,31.5026772433,1AUG ,1
I,I,I,I,I,I,I,I,105.0,I,A,0.121827411168,105,I,A,0.121827411168,I,-0.4285,I,0.5642,ILE,105,1.5044657901,1.40322706369,ILE,105.0,1.02539344569,0.955914817968,0,1AUG,I,105,I,34.505682886,31.5259698266,28.4234388177,26.6419520918,24.6719204889,20.0002305336,22.3122276431,16.8434859304,18.8337687034,14.8730526367,18.8576933742,23.0770806875,18.0850565606,21.0592188081,23.8370381017,25.2510587105,28.8442497584,27.5114292758,20.7122976491,24.4144791418,20.0202627403,23.3301121507,26.8206904013,25.0534680726,22.6402282669,27.9828367091,30.5358399394,27.7481276599,27.5458119293,28.7818031499,30.5924398782,33.8108144262,33.5694099764,35.2455121952,32.6379676409,30.2029901643,29.6991246324,27.558981706,25.3485470346,24.4350209459,21.625277459,21.3169040391,15.4633538037,15.8559809135,15.5282586305,13.657575474,8.71519788603,8.46269395237,15.8574578882,10.4769235336,7.91864099802,12.4487441527,15.4898897758,12.9193797312,11.2250120875,18.8125243532,17.9795102471,16.7907952111,19.5303065204,24.0565621154,23.7164579277,23.779421248,21.0140442931,25.2317678745,22.5781870352,17.2176780582,19.5763428163,14.4497199788,18.5476580647,17.0494929712,21.3878416931,19.0670764094,19.748529225,23.9550309981,18.9121407823,27.6389513819,26.4639380636,24.7028336091,20.5671191986,20.8502672487,15.1442373773,20.0832945204,13.1111432367,9.33743871333,8.34379259403,5.02707434891,6.6169220649,4.40984979247,10.6223557842,11.0962787668,14.9741595224,17.287473325,17.53758165,13.376498259,18.0164395853,16.8830322989,17.0774426244,13.2961568022,15.5589138544,9.33291691921,12.5868944136,10.0847808457,7.24139919674,6.60997074425,0.0,5.66772486042,7.47916304447,8.89282156999,7.76221101935,9.90021836348,10.3387948811,10.0508886623,9.28381052149,15.8633468663,15.713046848,15.6310649193,18.7715398802,23.7276720074,20.3179673367,25.4419014488,29.8669320419,23.9998108488,25.3904828599,30.153342648,31.0972066906,27.5714460304,30.5590374133,35.0899841471,34.964927553,34.6586261448,30.696726735,30.1807983645,27.3470955332,24.4118948993,21.9780577207,18.0559676062,19.7811966598,14.2904904844,11.6842780986,12.529309314,10.1556875259,12.0120273551,10.501809151,12.0037777252,6.94963093599,5.20361848807,10.0383123264,10.4985131181,4.70376528902,5.42134618141,11.4712095562,11.1689259718,7.86202022093,11.4616401478,14.1892376814,13.3986112352,11.4728173219,15.0252752592,17.3421322533,19.6654761069,21.9853025966,18.7919985753,23.4158786097,16.9357757556,15.6528369224,13.2981193253,19.0430377655,15.5523525623,21.3013626781,24.5820391036,24.3800580961,27.9136941143,32.2805736228,31.9795611604,26.0453881371,30.7961456248,34.151953834,32.8715003775,28.2841152482,33.0724423786,29.4210989189,28.4834072382,30.3128622982,28.5525089481,32.3978511081,29.3678336868,34.0465592295,33.3486374864,26.7287394557,29.3595985536,33.8818605748,27.8164018898,24.1851474305,31.4944974245,29.7831906725,25.1464004277,25.4299605906,29.7277119483,28.3189869734,24.694643928,27.225706713,30.8644493276,30.4055874222,27.3015062394,29.6174518852,24.9528191058,29.89318385,30.4802636494,29.0342392788,28.0569729584,1AUG ,1
S,S,S,S,S,S,S,S,106.0,S,A,0.167741935484,106,S,A,0.167741935484,S,0.2557,S,1.161,SER,106,1.28228391681,1.25247189497,SER,106.0,0.872279729152,0.84124055891,0,1AUG,S,106,S,34.0605342716,31.4418112659,28.0813383853,26.8134408548,25.8360157093,21.2634723603,24.6611063938,19.6353137616,22.1197365104,19.249191491,22.9807499661,27.5483698398,23.3153951525,26.1441207279,28.9359619999,30.4689843045,33.6310295124,32.1935351241,25.4066704061,29.1850582167,24.4557677602,26.8909216864,30.9756796883,29.0038087365,26.0027082779,31.5648000726,34.2787407198,30.5799827107,29.7016764657,30.6294887634,32.6658053144,35.3497360402,35.4672462376,36.6392641396,33.2704817015,31.3320120254,30.5117856815,29.3460736508,26.6494349372,26.7923492392,23.4999286155,24.6780133602,18.6582218935,19.1736560042,20.2478797677,17.615640523,13.6908225958,11.5867121046,18.5831631397,14.0191492611,9.97255629241,13.6223484228,17.482945184,14.3584078839,10.6315532686,18.7529070923,18.8832477455,16.5015363021,18.0124574383,24.7686160055,24.4405457072,22.5684473733,21.0508385131,24.795597072,23.1000673247,18.0077841041,21.686449994,17.1227949773,22.1761001178,21.26925471,26.4013997497,24.059308512,25.0954264019,29.2272946384,23.6424592155,32.4023916344,30.5921985159,28.6009210261,24.7039441527,23.925359445,18.9187067147,21.7692747135,15.4679645367,11.6023193842,11.7133928846,5.17705145163,10.7792626746,9.30470805617,15.3514438099,16.2995673937,20.6322485335,22.7802111988,22.5575966276,18.0333658388,22.6487643166,20.4756948036,21.5367800042,17.1014196195,20.3982505179,13.8457101164,16.6684203576,14.2166058217,10.3808055269,6.82164079647,5.66772486042,0.0,5.20754676298,5.46620123295,3.50927787785,7.08953774155,9.57013004338,10.3052941249,7.87552664763,16.1744478208,17.2273717283,16.3725908019,20.1790703707,24.6966518797,22.2655789223,27.0122165192,30.8423483832,26.116057117,28.1166240244,32.5118264672,33.1428774457,30.6170301627,33.6296756353,37.4246119253,37.8578153561,37.9063449314,34.3839854286,34.2521865039,30.8745413587,28.0097803563,24.8137003517,21.9197332844,22.5379205716,18.5648918016,16.0574877718,17.320572231,15.46180203,17.619446449,15.6960299528,17.1434973571,11.8953032808,9.94226863301,13.5811145594,13.4944478448,5.78371626938,8.15543409147,12.7294191127,11.6811533714,5.43386547407,9.78474871868,13.1958882656,10.7154880408,7.24857188701,11.4742713615,15.2596561759,16.7008778256,20.07967012,17.8085054016,23.3371841162,17.1058593069,17.228158016,17.0408146957,22.3144887037,20.2082897298,25.7118909705,29.2567251852,29.7574579005,32.7782041595,37.2153235165,36.904230286,31.233981341,36.1295740237,39.5059224197,38.3836081415,33.8523935552,38.5898798015,34.8224710011,33.6077788715,35.3113138337,33.0562334944,36.7898746422,33.6931181163,38.1023678958,37.4276437919,30.9493189989,33.046610766,37.1815786994,31.3175297866,27.5661986859,34.0735299296,32.4676155022,27.7425385506,27.5440642632,31.4718432981,30.0608040582,26.0569675785,28.1724225704,31.6540899232,31.1766726812,26.9658612072,29.6186642058,25.822992656,30.9731625625,31.4066858167,30.7772044559,30.0442547224,1AUG ,1
Q,Q,Q,Q,Q,Q,Q,Q,107.0,Q,A,0.635555555556,107,Q,A,0.635555555556,Q,1.736,Q,2.452,GLN,107,1.00402663994,1.07165316113,GLN,107.0,0.623504233615,0.663656558533,0,1AUG,Q,107,Q,38.8840094173,35.7552866929,32.8485951382,30.631946054,30.0837818765,24.9243930353,28.3411602338,22.756186535,24.6593491956,21.1302857286,23.7820455505,28.3499781499,23.5341865446,26.0068506916,28.7932823316,31.1854103836,34.2484844962,33.4686011351,26.945070968,31.154208745,26.696625594,28.967452779,32.9931392792,31.7528804091,28.975921828,33.7330751432,36.9289970984,34.0461343487,32.7163198178,34.0411211795,36.3073349274,39.3034614104,39.6653882017,41.0353588148,37.9681868289,35.7606753224,34.5599836375,33.2397726945,30.1459716798,29.9296092181,26.06258098,26.2086610896,20.68662175,19.9252653732,21.0182637843,17.3943708279,13.231298636,9.9217712742,18.2347397144,14.9846347696,11.8283180491,14.4408501919,18.834899367,17.3195306669,12.6149111511,20.4187350885,21.5015494358,19.9892043333,20.8771049011,27.1409538382,27.528503126,25.9780508906,25.0155723797,29.2821368056,27.7371490336,22.2453219725,25.8769850438,20.8167069289,25.3996256618,24.2290474595,28.3600227656,26.4063788364,26.7907784205,31.083406179,26.2885058013,34.9590434674,33.857603916,32.1105914286,28.0212458639,28.0137940238,22.4931760448,26.1980133217,19.396295535,15.7921336524,14.5285825291,7.73990637411,11.2574468698,8.71885349988,14.5294594047,15.1405333887,20.9379703605,21.9977332238,20.9454417536,16.996321922,22.491226577,19.2345939713,19.9810578013,15.1629428955,18.3482106758,11.9381326238,14.1997914038,12.5727349743,7.63897966357,5.22412948155,7.47916304447,5.20754676298,0.0,5.39657916836,5.96699993368,11.542855525,12.6168405733,14.1863018444,12.9857945519,20.7372250281,21.9516856191,21.3112481875,24.9252832534,29.6424340321,26.8667907101,31.6081928441,35.8222732622,30.680609707,32.4005698021,36.9743392013,37.7690818773,34.7288415771,37.7161529321,41.9505865455,42.0304984817,41.9272723147,38.0593602807,37.6469049428,34.6904491232,31.7062586788,28.8792043835,25.2842397019,26.2719261809,21.1096158307,18.9984153898,19.5879679522,16.2836175325,18.0001529085,16.4519333298,19.0709047711,14.3142339035,11.0746745017,16.267213618,17.5070473109,10.0853659947,11.699099481,16.9607811096,16.5597412602,10.3933388716,13.5528342155,18.0554949322,15.818703196,11.0874227394,14.9760549501,19.2489135286,21.359494092,24.6093879515,22.4198362032,28.343299802,22.0549519672,21.7134208446,20.5120851389,26.17519261,23.0102477992,28.5718340034,31.9981683613,31.2823364461,34.8529932415,39.3933342193,38.7603867363,32.7483044534,37.7042568339,40.7357327353,38.9228546717,34.6292764846,39.7189017488,36.3459112071,35.6920063905,37.5802594351,35.9741116691,39.6635732864,36.2543480661,41.0560554197,40.6840982446,33.9476393563,36.2512413525,40.9751096338,34.9956415744,31.1425849188,38.1048810507,36.663685046,31.9443509532,31.785866174,35.9285373611,34.7264087969,30.757500682,32.8652682296,36.5266852165,36.1729249053,32.1042826698,34.7750836208,30.7798566859,35.8774793151,36.2641312049,35.347270007,34.3778605975,1AUG ,1
G,G,G,G,G,G,G,G,108.0,G,A,0.788461538462,108,G,A,0.788461538462,G,0.7068,G,1.554,GLY,108,1.16510097017,1.02309466734,GLY,108.0,0.710576625739,0.594417060674,0,1AUG,G,108,G,38.5295072558,36.4735364661,32.6955214358,32.1226944114,30.8911022575,26.6131590319,29.7375353355,24.7470912026,27.1424044798,23.6854859971,27.3734588416,31.7730121949,26.6067874691,29.4241818268,32.2118770212,33.9740709167,37.5793799185,36.3840329883,29.5998398643,33.2433230403,28.8084738919,31.8265474037,35.5952499104,33.6045668325,30.9153793172,36.5080130987,39.0732565046,35.5638749982,35.050583331,35.9608467933,37.8613983203,40.5138663818,40.329360254,41.4758684606,37.9192669565,36.2157840702,35.7250349355,34.4904535848,32.0363446335,32.067203931,28.8938514687,29.6045265866,23.6727205014,23.8147831866,24.2425032799,21.5167765178,16.6043712356,14.4892802655,22.822059702,18.5647489406,15.0259890742,18.5166080952,22.5781625329,19.7642409454,15.8378015532,23.9367168193,24.3278813856,21.9026296473,23.1261230794,30.1874201671,29.9016130688,27.7186135736,26.3389143249,29.7155558624,27.8964182799,23.1595820646,26.4406942905,22.0120073494,26.7654871269,25.4377809252,30.1013990922,27.265547753,28.0403371872,31.9634561748,26.2169517454,34.7719274888,33.2076439956,32.2464224997,27.7772366422,27.3493094789,22.0146519022,23.7829769199,17.3255889375,14.4890746309,12.9755091524,5.69354267494,10.9070637427,11.3268901845,15.2852180822,17.480852189,22.5271644028,24.5110629648,24.3516669853,20.9048768206,26.2883344862,23.8910128489,24.1609635628,19.6803153397,21.3154277012,15.2718594247,16.2135886296,13.6551729237,10.8599376154,4.83892384368,8.89282156999,5.46620123295,5.39657916836,0.0,2.65043638925,8.06042251408,8.44232951081,10.9452346641,11.0629300424,17.641571652,20.6168090366,20.2437954303,24.2797574642,28.4090567436,25.4169062399,29.2216158423,34.1617243772,29.9015426893,31.2239303622,35.4264815949,36.8374570652,34.3745199753,36.5025210034,40.7808838388,41.8336363653,41.4507998502,38.1046472232,37.420639154,34.0259850561,30.748052016,27.2427404045,24.2998559424,24.0603856402,20.0358983039,18.5875130536,19.2320238511,16.7029344949,20.2468101117,19.2227609736,20.7317745672,14.6157601626,13.8495218245,18.3936569604,17.3388918275,9.35624540096,12.8999512181,17.7810918704,15.9682780353,10.3397862196,15.0697007415,17.8963904643,14.2644347544,11.4704000187,15.83407951,20.1566266041,20.5035547384,24.6069427452,22.6451252576,27.5613934774,21.4616745385,21.8553899234,21.1813333211,26.4284724613,23.5625148609,29.6677712342,32.6408271642,32.7482825208,36.6385753434,40.8190041324,40.7610280396,34.7773042379,39.161908227,42.7242710078,41.2601937312,36.5265005054,40.7739124515,37.3817787327,36.1146144994,38.527197427,36.5678207577,40.7157618526,38.0186114666,42.4636568679,41.3406189124,35.0407302988,37.6010219209,41.4450781044,35.4889569614,32.0560811192,38.7278857693,36.7223951559,32.0827531382,32.2388891815,36.0763672366,34.160967703,30.4138889842,32.7629787356,35.9223730184,34.9728524053,30.712056956,32.8413126846,28.7610124661,33.7296920553,33.694857488,33.0218742813,31.8790591344,1AUG ,1
G,G,G,G,G,G,G,G,109.0,G,A,0.182692307692,109,G,A,0.182692307692,G,-0.6991,G,0.3282,GLY,109,1.30329097009,1.21593618427,GLY,109.0,0.852238710844,0.761420055301,0,1AUG,G,109,G,35.8794380356,33.8735768769,30.0480359444,29.6398865811,28.3744733565,24.242696053,27.4374722295,22.6517082138,25.2353592856,22.1497927928,26.1224830708,30.5654856653,25.8281841757,28.7384732663,31.5289162944,32.9983110747,36.4971337043,35.0537417789,28.2079372835,31.7574136461,27.1720136431,30.0593205084,33.9304815754,31.7308914471,28.8918205553,34.6988335392,37.1606099981,33.3425799017,32.8557768661,33.6387057657,35.5036971525,38.0421477792,37.8682749692,38.9386219193,35.3106100627,33.6604208753,33.2017535461,32.0700044697,29.6744566031,29.8735021325,26.8406629028,27.993924511,21.9311073404,22.5050465688,23.1244091063,20.6624519372,16.0920856502,14.2006146912,21.8752690681,17.2594480686,13.3989403414,17.1065218933,20.9741009333,17.6683341759,14.0566437631,22.1503619245,22.2507181227,19.5665125655,20.9714433549,28.1349663169,27.6357903366,25.3678410201,23.8474152028,27.0990184937,25.3024773681,20.6635514921,24.0612471108,19.8080098617,24.7675150898,23.6378697709,28.7213928829,25.8975612029,26.9408733822,30.8660532712,24.9072328299,33.5414507115,31.6729118152,30.3744792793,26.115986809,25.3243609403,20.2602968075,21.9127988025,15.6707649267,12.5259389615,11.8666349207,4.62926512435,10.8787260997,11.0683967694,15.7094284452,17.6359626008,22.1117283716,24.4339919927,24.4561526513,20.5425508897,25.4997486671,23.4030265006,23.9955272418,19.5853920949,21.7759467795,15.5044690909,17.1684391086,14.4327866838,11.493556321,6.00699549888,7.76221101935,3.50927787785,5.96699993368,2.65043638925,0.0,5.89045892255,7.54209341754,9.40648155803,8.54862076444,15.7558847675,18.3387250436,17.7716358318,21.8399686311,25.95995953,23.2445612098,27.2559436857,31.787917333,27.6027586274,29.1943011592,33.3715124301,34.5302406302,32.2549236365,34.6055440134,38.5965776474,39.6285604963,39.4128985883,36.1488939374,35.7032154533,32.1635553443,29.0278943367,25.4482740357,22.7816392847,22.5867296802,19.0160202002,17.1875871916,18.2064977086,16.3031100775,19.6115284321,18.2489235137,19.4130449528,13.3597323976,12.7063641022,16.5669234035,15.2779493089,7.2632149071,10.9068619023,15.3845228984,13.4666235946,7.78787793839,12.7465220536,15.2641360157,11.6590247773,9.23511647604,13.6317670443,17.7111372319,17.990161126,22.0250089432,20.0274536513,24.9443401779,18.8708007208,19.4166234916,19.236067022,24.3298689616,22.017071621,27.9411297514,31.0935807044,31.684346091,35.1700195485,39.3843114548,39.3541695447,33.5648351707,38.0679499117,41.6795495363,40.5101754952,35.7666233542,40.0441323158,36.4316122639,35.0032486308,37.1701305779,34.9255415945,38.9739244177,36.27039954,40.5742078214,39.4753639513,33.2226422345,35.5848717356,39.301531506,33.4197560071,29.9465387753,36.3957165225,34.4418459173,29.7869281301,29.8326339073,33.5995286415,31.7378268763,27.9153740991,30.1935430174,33.3554921019,32.4749404571,28.1381188908,30.3922402953,26.4761096324,31.5171955415,31.6038329785,31.0688857373,30.113107437,1AUG ,1
P,P,P,P,P,P,P,P,110.0,P,A,0.37106918239,110,P,A,0.358490566038,P,-0.0006946,P,0.9372,PRO,110,1.28543128527,1.31857776114,PRO,110.0,0.747314087906,0.741935828925,0,1AUG,P,110,P,31.6624404346,30.6954745724,26.0929870329,27.4152580243,25.3036221199,22.3856666387,25.1174203688,21.3775048547,24.4750924896,22.0877679882,27.0899651533,31.2616514359,27.0122765014,30.2041969732,32.9075563229,33.4067482894,37.1096879004,35.011554068,28.0929295659,30.8990725771,26.306200728,29.5864869932,33.2094470971,30.1444085514,27.310916329,33.9452813881,35.6362040239,31.0010890066,31.3859905726,31.6346572402,33.0368621331,35.1247471743,34.4170915614,35.2299012858,31.2260178945,30.0699549553,30.3909164218,29.3583167716,27.7892202601,28.2962627087,26.2674001714,28.2921106176,22.038839103,23.874314309,24.1055140571,22.8544804002,18.5189700467,17.8506177667,24.3197910531,18.7686216969,14.801249144,19.0861879751,22.0749502867,17.3563877302,15.5136442063,23.0796497227,22.0225436587,18.5377959824,20.6979539469,27.8887173458,26.5054552343,24.0439862819,21.6975581147,23.8622780805,21.6864390332,18.1400935432,21.0011985752,17.8441079442,22.8774544011,21.9408644114,27.8386084036,24.4345560066,26.1658214305,29.6412762817,22.8219842831,31.1711348669,28.4818385213,27.3429878771,23.245086534,21.5373359984,17.350677512,16.9601833811,11.815578075,9.27785000316,10.275552166,6.30366386287,12.4059338849,14.0341257557,17.827530271,20.1630412729,22.9394353567,26.3025802923,27.2140319446,23.1964433289,27.2561407361,26.3366373345,26.9464890772,23.0693981312,24.8766327455,18.9212255029,20.6785317569,17.4114962447,15.7465021857,10.5702514227,9.90021836348,7.08953774155,11.542855525,8.06042251408,5.89045892255,0.0,5.14664209388,5.5212288318,4.31465592193,10.3757949538,13.8596089918,13.3469100882,17.6481324128,21.0944368425,18.6030956003,22.0538982622,26.5608327517,23.252974258,24.8414645907,28.6021883648,29.9061829569,28.3963933149,30.317522993,33.8823393632,35.6569195736,35.4369041049,32.7741110162,32.468931518,28.4246719141,25.3533206385,21.1867746026,19.6782070149,18.5152759527,17.0039290298,15.2368001875,16.8605025168,16.8351727926,20.7658892808,19.4287809642,19.1232128488,12.8382762483,14.3883530022,16.2846677998,12.6354620798,6.29330994085,10.6268842253,13.3395093756,9.97581215726,6.91808722727,12.4179963702,12.1340118615,7.70909743237,9.48945435936,13.2879095075,16.1199687481,14.7041369137,18.9713661603,16.9949836503,20.459804883,14.8013094312,16.1615089719,17.1577999603,21.3052911077,20.2402698291,26.0369667081,28.9605868982,30.9480118116,33.9789225228,37.8447914737,38.3291110885,32.9947856308,37.099866703,41.1321588774,40.7106746273,35.7179276192,39.2941000639,35.3975213516,33.268373504,35.409463265,32.4965974309,36.6871425389,34.640499726,38.3538162661,36.6735589394,31.001911136,33.2600284663,35.9727404526,30.3304290011,27.2782552256,33.040313135,30.68458299,26.1956067317,26.4148759919,29.7486516958,27.3423840251,23.7413317874,26.1530557152,28.813363195,27.4972076423,23.1098424997,24.9598524553,21.134387478,26.1062829366,26.0476330913,25.881074536,25.099710872,1AUG ,1
A,A,A,A,A,A,A,A,111.0,A,A,0.627906976744,111,A,A,0.131782945736,A,0.01135,A,0.9477,ALA,111,1.47546245836,1.51333536097,ALA,111.0,0.676411609843,0.774137394473,0,1AUG,A,111,A,35.1554835987,34.4462904324,29.6625807395,31.2244502241,28.2483492035,25.5297755513,27.3788355911,23.4896278531,26.2827672681,22.9443592004,28.1371862006,31.9271579752,26.6187536793,29.8952779585,32.541765638,32.9669444084,37.3161327237,35.383503739,28.5014239375,30.9831503767,26.8877145965,31.1891515559,34.1592411862,31.0863183604,28.8902732294,35.4983858307,36.8579978208,32.8663724631,34.0497127915,34.4355909761,35.5472985657,37.915915828,36.6593380445,37.7671825568,34.1112211524,32.8529616543,33.7066051658,31.9928544488,30.9670128095,30.7682244819,29.1514575133,30.0773590343,23.9550128062,25.5473284706,24.5643878284,23.7732791002,18.3726744163,18.5547365633,26.0571605469,20.2683618313,17.1137549373,21.794244812,24.6569229798,20.341488608,19.0095546038,26.7735924307,25.4075879175,22.5050363518,25.1697538587,31.4667302625,30.0879491993,28.5370023777,25.5278115017,27.7527072061,24.8304408803,21.3941270069,23.0939354591,19.8053150137,24.0076766929,22.3805970969,27.472732067,23.4978213737,24.9167474573,28.0786119517,21.2238738385,29.2533574351,27.052179452,27.1800133028,22.3762869629,21.5921028191,16.7540974105,16.2665388702,10.4091298255,9.39040051813,7.84921910486,5.66043306825,9.74830912757,13.5063318409,14.9798536229,18.414247183,20.9960114985,24.5639847894,26.0121985996,23.0920027259,27.563356378,27.1493783615,26.7489538389,23.2636630894,23.1500230596,17.9936114478,18.3553661307,14.7934682595,14.9203418045,9.43126104365,10.3387948811,9.57013004338,12.6168405733,8.44232951081,7.54209341754,5.14664209388,0.0,3.60532301383,7.95765158753,10.1195659415,14.9773833708,15.564814774,19.5567074288,22.8665655833,19.0733781482,21.69855698,27.864320033,24.2792669801,24.7076972274,28.472393928,30.8282557189,28.7788887916,29.6942328376,34.2292886697,36.3197085641,35.4255008383,32.743917753,31.647920363,27.8675236526,24.3148640894,20.2223715358,18.1527227734,16.5170243619,14.3855073673,13.8599624291,14.6979120187,14.3726349961,19.7120110138,19.4092269777,18.8583125911,11.8793739868,15.0897581165,17.8688867999,13.4286969158,7.77850215418,12.4693230722,16.1923633434,12.758572494,10.987046121,16.6303416606,16.1840778392,12.4105337829,14.2054345224,18.1943681034,20.8218791298,19.543856698,23.5430579808,21.1546445748,23.5263944056,17.8589396392,18.5002594848,17.8391512056,22.0596377508,19.6224182411,26.080770974,28.2077905033,29.6911434754,33.7359891313,37.2222720268,38.0525041861,32.3991568285,35.8125810595,40.0841506979,39.4238162065,34.1796377077,37.1126106688,33.598402577,31.4182642203,34.3354387374,31.8995842208,36.5743777605,35.0722137114,38.8706234216,36.6578727286,31.1978646874,34.1956488351,36.7274880054,30.9238053581,28.3304855383,34.6515712983,31.809602275,27.5058296759,28.3946746634,31.8415723598,28.9217058733,25.8766601151,28.7890677486,31.2208911172,29.4463437524,25.8963106598,26.9374272097,22.1455133696,26.7284864344,26.2824751093,25.4437426876,24.0291576682,1AUG ,1
A,A,A,A,A,A,A,A,112.0,A,A,0.325581395349,112,A,A,0.031007751938,A,-1.012,A,0.05511,ALA,112,1.63318622843,1.66369071589,ALA,112.0,0.81053356056,0.943696680105,0,1AUG,A,112,A,32.2226034624,31.6006030811,26.7510157048,28.5956252791,25.114670446,22.8116202011,24.2485566568,20.7521388397,23.6521217506,20.6252493614,26.232378267,29.8335067953,24.9509529431,28.3196039536,30.8931703381,30.8220952275,35.1564594141,32.9182771828,26.069524977,28.2232316896,24.1387956615,28.5880397549,31.3953714087,28.0174934428,25.8791304662,32.7348901536,33.7804312139,29.6143890769,31.2015728634,31.4499767165,32.3589537869,34.6900806197,33.2301605985,34.3822389917,30.852498155,29.5670376903,30.7048058428,28.8034693058,28.1669857959,27.8753078778,26.7628690736,27.8562757001,21.7759528052,23.940060777,22.74265819,22.6355001979,17.6319557873,18.4967545097,25.0550904473,18.8730548789,15.9243084954,20.809079578,23.0764706682,18.3251048929,18.1274183978,25.4336996427,23.4081283207,20.5249978469,23.7621419562,29.4152402852,27.7062585089,26.6481359088,23.0200187421,25.0480900988,21.7413651445,18.6144517677,19.7935008039,16.8691022664,20.9103039842,19.3602502071,24.7820943131,20.7001158337,22.4605841927,25.4935241072,18.3726272932,26.4108135787,23.8782253385,23.7646379902,19.1135437279,18.0358808673,13.447256564,12.9710052934,7.03419991511,6.10080399558,5.88912449265,6.65521365016,9.92650451209,13.477366519,15.1417460875,18.1452148765,19.6268341723,23.6608855522,25.4806914386,22.3265447201,26.1189453979,26.3934238484,26.1054970387,22.9968367492,23.1057559435,18.0906964618,19.1057586678,15.5127378441,15.7758268243,11.3478661171,10.0508886623,10.3052941249,14.1863018444,10.9452346641,9.40648155803,5.5212288318,3.60532301383,0.0,6.16259126114,7.10882689548,11.4232969076,12.2505685152,16.101309838,19.430535464,15.4947620028,18.4597184166,24.4886500262,20.6840151916,21.1696820057,25.0110049288,27.2553676809,25.1969965942,26.2624248854,30.6999406979,32.7206724624,31.8818873285,29.2507440028,28.3098727128,24.41257596,20.9666678148,16.8389945561,15.0006683232,13.5095337508,11.9963651993,11.0804430525,12.4113854839,13.2848759448,18.3168682338,17.8740703791,16.5775254605,9.89180305831,14.0236575745,15.6609901837,10.2727357223,6.4701367795,10.697570666,13.6154504175,9.91127000851,10.0772436382,15.3928559746,13.8887260077,10.9190473128,14.0190786534,17.5606795925,19.2483972278,18.0442423144,21.4936509739,18.7722851274,20.4517884663,14.8244590429,15.2996907286,14.7569341863,18.6219011782,16.6878386708,22.9668002934,25.113934708,27.2123355747,30.8625816517,34.2686342932,35.2262931748,29.8355323915,33.2151771784,37.5792808089,37.3080761842,32.0486145154,34.8795413817,31.1332016656,28.730043846,31.4096429137,28.6847617612,33.3172214081,31.9743627579,35.5729786023,33.2636839237,27.9442392173,30.8763863929,33.1856980709,27.4359208305,24.9512015736,31.1458826544,28.2278472178,23.9636288573,24.958270333,28.3668322452,25.3722412775,22.4287780082,25.4634999102,27.8596924695,26.075160694,22.8685691829,23.8408638532,18.8119663043,23.4517421572,23.1931971947,22.2282360761,20.9581769353,1AUG ,1
Y,Y,Y,Y,Y,Y,Y,Y,113.0,Y,A,0.12927756654,113,Y,A,0.121673003802,Y,-0.9723,Y,0.09001,TYR,113,1.42986751809,1.59325967562,TYR,113.0,0.940373950324,1.0005413972,0,1AUG,Y,113,Y,28.0156927211,26.7411291782,22.284931677,23.4160685883,21.0299175101,18.2235811309,20.8398776517,17.3597565772,20.6135239354,18.7860143691,24.0507489462,28.1259466385,24.6128789534,27.8194521055,30.4475587724,30.549758338,34.0112528524,31.6324503028,24.7804530721,27.4354089438,22.7185107413,25.7873993578,29.4492069192,26.2090911283,23.2370671146,30.0270249079,31.5955343691,26.7452802499,27.214742814,27.3814515792,28.7282459521,30.839051961,30.1651952701,31.043504571,27.2160027814,25.8686312427,26.1973357661,25.0479260326,23.6121063299,24.1126490373,22.4012501858,24.7746602462,18.548431862,20.9961416281,21.3423981568,20.6521591058,17.0968722125,16.9864891867,22.0716853841,16.2114653932,12.3474767263,16.748919377,19.0520823605,13.7879271708,13.2581699716,20.2186430412,18.4500868038,14.9484430799,17.8169521595,24.2896586303,22.6110753482,20.7149713511,17.7179893985,19.9751945576,17.5232909095,13.9130092725,16.7226482299,13.735483778,18.9147777956,18.2950035384,24.626219066,21.4770786252,23.5092145291,26.9951388339,20.249739111,28.624900712,25.6845830584,23.7764594772,20.1493825414,18.0515891051,14.2830324492,14.7622926505,9.95434072797,6.52200329878,9.56685900029,7.74970311781,12.8265446098,13.6171020835,18.0405109264,19.598510829,21.4282269255,25.0265564521,26.1002228575,21.6273006572,24.8495895459,24.5169447086,25.4646898269,21.9536042428,24.413092697,18.5324605185,21.2160697439,18.0648725609,16.2404214709,12.5072801572,9.28381052149,7.87552664763,12.9857945519,11.0629300424,8.54862076444,4.31465592193,7.95765158753,6.16259126114,0.0,9.08055545874,10.2738020053,9.37267980757,13.6124499783,17.4527035725,15.2974939045,19.6640407986,23.3117509548,19.4900740388,21.5983684822,25.5445450071,26.2754495064,24.6832762912,27.2687590545,30.5036678454,31.8260814717,31.8900060277,29.1229137728,29.2264637306,25.1662242758,22.4358386657,18.5314086884,17.1701207418,16.7603604332,15.5179115776,12.92884477,15.1252478034,15.979547424,18.9600746171,17.1759053169,16.3430760928,10.9536759772,12.5368801627,12.9146810596,9.0476604303,4.72316166257,7.76207349651,9.21451318202,5.67349084378,4.7766888195,9.66445933614,8.24430190267,5.20827921871,8.60935731544,11.615298916,13.1285367002,12.3771978263,15.7715923272,13.2334981331,16.6637554133,10.6907162952,11.8729581003,13.4766989944,17.4016111258,17.1730227462,22.4477501621,25.7057057776,28.1971707775,30.5400513353,34.4856900326,34.8970934048,29.8922507143,34.2190448579,38.171948561,38.1121861161,33.2531599985,37.0143266743,32.8465620574,30.6755401165,32.2904506284,29.0912796144,33.0114751512,30.8314368971,34.4183987269,32.9446256291,27.2432099681,29.2056645802,31.9816594309,26.4021454863,23.2071263401,28.8387637035,26.6681905847,22.1111160239,22.1718548799,25.5845440886,23.4362898035,19.6723240186,22.0548007044,24.9493185096,23.9315305302,19.7575345301,21.958797456,18.155636949,23.3064217201,23.6848328177,23.4460831421,23.0131833124,1AUG ,1
W,W,W,W,W,W,W,W,114.0,W,A,0.631578947368,114,W,A,0.266666666667,W,-0.861,W,0.187,TRP,114,1.43194515945,1.58553167993,TRP,114.0,0.664610260071,0.981209080876,0,1AUG,W,114,W,27.6541400945,28.4701445143,22.856265116,26.9080389581,22.3516169031,22.0050653228,22.5141612064,20.8502304185,24.0655896611,22.295299455,28.526625902,31.6064413135,27.7987509714,31.2213480737,33.5491099632,32.3375292489,36.5996042205,33.6440647121,27.1541163228,28.204290423,24.4034470018,28.9455468348,31.2856923178,26.9579945866,24.9890644043,32.478474355,32.4645452091,27.4042266709,30.1271412041,29.6727268059,29.8760944361,31.5210306463,29.3040792259,30.1016454336,26.2809860045,25.7155302456,27.9834485062,26.2059581924,26.8182562719,26.8730053218,27.1485797326,29.1971028286,23.4508459921,26.7918372563,25.4317410093,26.5192341739,22.437122399,23.9835526146,28.8737273727,22.4135930768,19.7108350516,24.4396064092,25.6640808342,20.0238529424,21.5772313201,27.6400388071,24.5518164553,21.2149784397,24.9934112337,30.0338301909,27.4091258854,26.429291769,21.9742271719,22.3884213584,18.5908064707,17.540787678,17.4215277149,16.6333056428,20.0756910372,19.0104589311,25.0491784958,20.6227499795,23.2238810189,25.3921123122,17.7036160743,24.5938944544,20.807978533,20.8521812376,16.927534322,14.2714934281,12.1156553667,7.00924673959,5.89258438846,7.68634957394,10.3048711367,13.5119135504,16.0003837866,19.3471532558,20.6675575133,23.3481462939,22.9237180386,27.652261236,30.1247578141,26.8604042385,29.3867828881,30.7333500243,30.6749539986,28.1538015891,28.3738259831,23.8359650409,25.207662979,21.648216761,22.2559975998,18.3846526604,15.8633468663,16.1744478208,20.7372250281,17.641571652,15.7558847675,10.3757949538,10.1195659415,7.10882689548,9.08055545874,0.0,7.60900316345,9.06404090628,12.2715048266,13.9380319375,10.2898007018,11.925373597,18.0689909061,15.7868419539,16.1075370632,19.1264161131,21.6144147886,20.8288222278,21.1650793232,24.8241737133,27.9260419431,27.1082563889,25.4897424844,24.8678303755,20.2937969695,17.1884167743,12.2050281506,13.0087228147,9.78775991976,12.9187833724,12.2276145395,14.2318820154,17.4568567805,21.9723320569,21.4345049764,18.6850092109,13.5730109142,18.5842410546,17.8473912248,10.6851692413,11.5683626104,14.2801111325,14.2664531939,9.92580183894,13.7575930784,17.8269018299,13.5314514411,11.5365550216,17.4421231464,19.7880951118,19.7760081892,17.1293093377,19.8983136725,17.3738720346,16.12972951,12.1233842696,13.4820565705,14.6615272059,16.2495948435,16.67925359,21.895967289,23.5745674949,27.611598929,30.2574010158,33.0558179259,34.6327505415,30.1785189655,32.9412784302,37.6357020956,38.3854240845,33.1069036222,35.0021202657,30.9717825481,27.7170342622,30.0800268426,26.4499310279,31.0287777431,30.6408106757,33.2466746423,30.217713518,26.0041334496,28.5957281826,29.3372748479,24.1952244395,22.5367927359,27.372407969,23.9314166873,20.1839235287,21.4851033682,24.0512448343,20.2603216468,17.9900362055,21.1689960419,22.6360575333,20.1563727553,17.4331316635,17.434602515,12.2574484846,16.6540516384,16.1966431934,15.7232998826,14.8258634813,1AUG ,1
T,T,T,T,T,T,T,T,115.0,T,A,0.133720930233,115,T,A,0.133720930233,T,-0.2256,T,0.741,THR,115,1.63805844496,1.66595781576,THR,115.0,1.11878908156,1.15554185919,0,1AUG,T,115,T,22.5800723033,22.3292363067,17.4033237886,20.5139742643,15.2195300577,15.264396608,15.0084549611,14.1343217788,17.3658187577,16.7606336637,23.0551602355,25.7997184037,23.5010490113,26.7535036703,28.8725836868,27.099821642,30.7417063645,27.393850803,21.2227973391,21.9896526224,18.0418392492,22.0907353576,24.4073338359,19.8464293296,17.6907138998,25.311833369,25.1316911314,19.8049280357,22.7630048863,22.2519648358,22.3418562492,24.2351445515,22.1299478498,23.2657907669,20.089465881,18.8090823578,21.0497878789,18.7543685379,19.7483993757,19.520875465,20.5526968622,22.8923662702,17.6714800934,21.8087003909,20.6430434488,22.6224618428,20.1556870646,22.286888296,24.761616513,18.4562788454,16.5659331646,20.78432721,20.7103714413,14.9852098737,18.6486783173,23.0348854977,18.943076208,16.2775904105,20.941773452,23.9633492112,20.997620672,21.5547611192,16.0069840666,16.7213301546,12.0689861515,11.239475145,9.87520455492,10.0235955691,13.0617874881,12.7099090413,19.4536244023,15.8419445767,18.9352686797,21.2047583429,14.1621708315,21.1262356901,17.0382521517,14.8059070985,12.126390972,8.36427348753,7.65323785836,7.18909334587,7.10839104817,6.97800119449,11.7594515734,15.762227946,17.3584624583,18.8429759402,21.3006972528,22.3927404543,20.7207263619,25.3778627562,27.7945324735,23.9253672743,24.9320489234,27.1058474999,27.6136223356,25.7594042424,27.1791936212,22.9066023387,25.6800589312,22.6157907124,22.5360808027,20.5676138912,15.713046848,17.2273717283,21.9516856191,20.6168090366,18.3387250436,13.8596089918,14.9773833708,11.4232969076,10.2738020053,7.60900316345,0.0,3.26210695469,5.0403539732,8.5170568194,5.14501535634,10.9227202461,14.2153204426,9.44379949006,11.4542656156,15.4613421831,16.2331037602,14.6947005749,17.2556934153,20.3010167507,21.835932984,21.747384517,19.5024235059,19.9196404477,15.4195728901,13.2600135531,9.50284503624,10.2197503831,10.2906516305,12.5619719187,10.0243028542,12.9029188644,17.0042352148,19.2027497935,17.9432485314,14.4781052665,12.1163525241,16.2871067743,13.0903344853,6.3105536117,11.9215836959,11.8737280182,9.31312264862,6.53299966402,13.3160552078,15.2339116938,10.0686986109,11.6600181986,17.2152597693,18.3891383064,16.5001237937,15.7001258464,16.2904830432,12.8196801869,10.9055104847,6.66226460618,6.52007024303,8.74705664227,9.15293001629,11.8820787042,15.5950615177,18.152327838,22.9901817355,24.1471335559,27.2433922735,28.491789179,24.676192138,28.0537631555,32.403721419,33.6851525695,28.8389158502,31.4156176529,26.8925036333,23.8384143925,24.9103350706,20.7659373431,24.6906636479,23.7989387902,26.3076207591,23.9219697272,19.3662160783,21.3500273751,22.5844544483,17.3326892053,15.2054812215,20.1223095838,17.1198061547,12.9554481915,14.0442543885,17.0840217314,13.9703348298,11.1956170128,14.5823980983,16.8658897858,15.3254521703,13.5411174506,14.6021518696,9.36278194351,14.2909725008,15.3008258652,14.3554084143,14.4739079361,1AUG ,1
G,G,G,G,G,G,G,G,116.0,G,A,0.326923076923,116,G,A,0.326923076923,G,-0.1608,G,0.7976,GLY,116,1.62350791289,1.5158679709,GLY,116.0,1.17929603965,1.08910750689,0,1AUG,G,116,G,20.5217536533,19.9406570222,15.0293364485,17.9731817524,13.4227117145,13.206680694,14.0049122425,13.1811722835,16.7160126221,16.8638250803,22.8320887565,25.929786362,24.256617416,27.4007984869,29.5854439268,28.1013247858,31.2380009153,27.9071697817,21.7245008283,22.9350913892,18.5812664029,21.6313929209,24.5847433301,20.2094671923,17.4048166825,24.9588877967,25.2113848547,19.346017486,21.4051956771,20.7892629172,21.2326755744,22.9011521159,21.4072513595,22.2514608547,18.6282613625,17.3996091073,19.0568456359,17.4489163379,17.8153732549,18.310065408,18.8809731364,22.1652701473,16.8243977566,21.0441692234,20.8494671859,22.2935464351,20.4094528483,21.9003062222,23.8418861629,17.8202673544,15.4320785749,19.2712420396,19.263906538,13.2151711069,16.7145634668,20.7481735982,16.8146587998,13.6114784604,18.0677424739,21.7153968888,18.6890693272,18.5220383533,13.2678029253,13.9323287551,9.79400648175,8.79282670297,9.00205362499,9.2321018446,13.3156876862,13.6460663487,20.7734041554,17.7930146589,20.8197405115,23.416406013,16.7597350072,23.8603136571,19.7955938277,16.6625903138,14.6475392097,10.6253645225,10.1769022112,10.0204910831,9.6014517681,8.0968926681,13.3314951731,15.8975566678,18.4481550248,19.1077054189,22.6613615613,23.3942599581,22.3673194403,26.6824079555,28.6165795266,24.1511505226,25.0990821245,26.7341257433,27.8520019861,25.6651549991,28.123425307,23.3442654416,26.637382443,23.6712486082,22.7311349142,20.6926553283,15.6310649193,16.3725908019,21.3112481875,20.2437954303,17.7716358318,13.3469100882,15.564814774,12.2505685152,9.37267980757,9.06404090628,3.26210695469,0.0,4.36432228782,8.33374653214,7.46497059506,13.1847537626,14.6283180969,10.4296175891,13.6861969616,17.4204283231,17.104998178,16.1659016116,19.5636616939,21.6584175401,22.8375462319,23.3784794051,21.141442395,22.1736800644,17.7251691614,16.0354768739,12.5483640115,13.2499460525,13.5143969278,15.2422023706,12.2063225662,15.1936675843,18.6772649849,20.2748343392,18.3924092334,15.485167285,13.2845720891,16.1587151407,12.5785977287,7.1236496546,11.6931025325,11.2669780126,7.51573090611,4.87216282458,11.7645408512,12.8874187281,7.09948260608,9.43861313015,15.105735729,15.7215499366,13.4341948151,12.6504277355,13.0391455601,9.60941779916,8.69138145617,3.5124313569,4.91516230745,9.5856168762,10.2682304263,13.7639585597,16.9287320863,20.1535053399,24.8568263789,25.4191260024,28.8533934434,29.7178743535,26.0472499573,29.9709641792,34.0362039566,35.279051372,30.6564122962,33.7672306158,29.1403015497,26.3322834902,26.9197555735,22.6630011611,26.096756026,24.6167950024,27.145317359,25.3552048439,20.5752780466,21.8553850744,23.4153684146,18.3775965997,15.70833395,20.0794280543,17.690185043,13.3398751023,13.5131387811,16.501377612,14.0688287975,10.4383018029,13.2282778005,15.9194790338,14.9416203861,11.9947628813,14.1274364756,10.263732703,15.4252863581,16.6894538402,16.4997637172,17.0510598182,1AUG ,1
L,L,L,L,L,L,L,L,117.0,L,A,0.044776119403,117,L,A,0.044776119403,L,-0.7222,L,0.308,LEU,117,1.62127023021,1.6034924669,LEU,117.0,1.19873821595,1.17791976082,0,1AUG,L,117,L,18.2073174671,17.6400258273,13.0438121548,16.3058966101,10.4195349642,11.8513095305,11.075781178,12.021300985,15.2737163478,16.4348323939,22.3107608645,24.7626649178,24.0861753538,27.0484825946,28.9418474498,26.7555764605,29.6062970206,25.9024002775,20.3291173495,20.7395572965,16.8070626357,19.693320617,22.1080783636,17.2878205493,14.7494199854,22.3980660073,21.9369296345,15.7399161313,18.7807116544,17.8289155529,17.7048066535,19.2843354362,17.2954822492,18.3215830427,15.2340332243,13.7709657131,16.2070120016,14.0294139026,15.5832918855,15.7814064947,17.6800065756,21.0329607863,16.5592453233,21.2821321139,20.7963282497,23.1447335162,22.0966021822,24.1510269764,24.7175808688,18.9978009424,17.4932231745,20.8445173078,19.8127385691,14.142152818,18.9748048273,21.5885523936,16.8946497223,14.4661941556,19.3100632806,21.025170064,17.5497552161,18.7440005617,12.6368756208,12.6501586583,7.48694076077,8.40420766459,5.9088876609,8.66036243898,11.1453572719,12.0913394782,19.0810573512,16.5363641314,19.850918766,21.9250235637,15.9304717734,21.9834719151,17.6028778114,13.5206900783,12.8566813192,8.05396655138,10.0171745612,10.64673672,11.991000003,11.2334983986,16.1913114835,19.6684427335,21.3382099919,21.7453970363,24.9454641081,25.1952661184,23.0520443487,27.4102852553,29.5991560675,25.2873617154,25.1526121556,27.6284699801,28.7687023853,27.2471231405,29.679254214,25.5100344507,29.0143432586,26.2645174264,25.5897103947,24.3060979589,18.7715398802,20.1790703707,24.9252832534,24.2797574642,21.8399686311,17.6481324128,19.5567074288,16.101309838,13.6124499783,12.2715048266,5.0403539732,4.36432228782,0.0,5.43143529968,5.9241608714,12.2512448149,11.8695466745,6.53082787183,10.8225778761,14.5018276223,13.2220274619,12.2885417922,16.5808953518,18.0204128995,18.6261407004,19.5181515286,17.3880486076,19.0590309517,14.6752516034,13.8772956256,11.3944253445,12.8705073978,14.0019139824,16.3965552901,13.3966011392,16.3267656106,20.4581693685,21.1737007747,19.3379454597,15.8105189415,15.405314004,18.2914596969,13.5416162114,8.9864266483,15.343870121,13.9958295936,9.35383167356,8.53678308568,15.5283143074,15.640762281,9.93340959246,13.4621410176,18.7386691891,18.7647839155,15.4252972579,15.2779346168,14.1125809926,10.6077486756,7.1555803787,4.99834941516,4.44434846028,9.33786271914,7.49497949136,13.1094099816,14.5572539539,17.7213127947,23.3260306344,22.8413378161,25.987336874,26.9894411634,24.1162649402,27.8221661137,31.7855503751,33.6218961126,29.276568158,32.1392665617,27.3764943084,24.4411039976,24.3303009313,19.6459864658,22.634209119,21.4516198394,23.4175224837,21.6133993672,17.3385956791,18.1576197424,19.2028063855,14.4755025675,12.1119230805,15.7947265059,13.3699731032,9.08999319501,9.38909168942,12.3048345658,9.90982744694,6.37121428087,9.63507566,12.4071277072,11.7723985052,10.4955253913,12.4726337449,8.82461835909,13.3854772498,15.3287842719,14.8793866099,15.9781666859,1AUG ,1
P,P,P,P,P,P,P,P,118.0,P,A,0.0125786163522,118,P,A,0.0125786163522,P,-1.028,P,0.0416,PRO,118,1.40517794175,1.53281632821,PRO,118.0,1.00230121017,1.09499739424,0,1AUG,P,118,P,15.6413443928,17.3536405815,11.8881983494,18.1376363881,11.9128920679,15.6310855119,14.1918652902,16.7815948159,19.7913070312,21.4726376611,27.2447974091,29.2759645581,28.9586398538,31.8637472013,33.5779782805,30.855627959,33.6413323543,29.6598234214,24.6947381954,24.2555316261,20.9779569334,23.6947284767,25.5244055868,20.2994963121,18.2531668269,25.6694275801,24.2433957983,17.5474180092,21.4523234909,19.7591650128,18.8037095764,19.2049751389,16.2847289794,16.5749190823,12.88365519,12.9001123336,16.8392934894,15.3217860363,18.1684482913,18.9142058391,21.7430132631,25.5734380792,21.6301548674,26.4815579495,25.8974828904,28.5145375988,27.4227746272,29.5178288043,30.0261952249,24.4130774898,22.8236819745,26.0590898164,24.9030759126,19.2408676347,23.9293623119,26.0985105631,21.3782189184,18.6607613084,23.0633144307,24.7399703288,20.8397627167,21.4933444224,15.7156891568,13.5359243522,8.91463169528,12.6501646757,9.74339295199,13.880296943,15.3436067154,16.4312418237,22.8640164623,20.1550508732,23.6529071918,24.9167748212,18.975733648,23.468815047,18.3313352113,14.9262545179,15.2286633574,9.6445747184,13.7418637877,10.8379133065,15.0494195311,15.4693030475,20.2312602438,23.9756195737,25.8368223418,26.8574735088,29.547470232,30.1925234859,27.6152131829,32.2141685483,34.703451808,30.6188813269,30.2633441523,32.9926187948,34.0670070934,32.6554693352,34.7364818251,30.7158235102,33.894493431,30.9764299547,30.6468305161,28.8274613084,23.7276720074,24.6966518797,29.6424340321,28.4090567436,25.95995953,21.0944368425,22.8665655833,19.430535464,17.4527035725,13.9380319375,8.5170568194,8.33374653214,5.43143529968,0.0,6.37420674693,9.8729085681,6.57541952625,5.26182610192,9.65706602155,11.4621552804,9.6616346426,11.555112315,14.7574353359,14.4067920391,16.5959563168,17.6855453135,17.1547427911,19.1803634149,14.390300622,14.3449054841,11.68319153,15.3684244031,15.1093541714,19.7731964954,17.5682646197,20.3136052355,24.9548750205,26.1609546893,24.5986015362,20.7798500462,20.2105109777,23.6288111285,18.9625487514,13.9710458842,19.9213292614,19.1868175172,14.5530384909,13.1426803205,19.95795543,20.174611842,13.8208248297,16.6176175623,22.7815462092,22.5016851506,18.8573640567,17.2073304535,15.8226303415,13.4420424919,6.28583691766,8.63472405282,9.7304003022,14.3488149891,11.0022938161,17.2349016463,17.8412866416,20.0529110125,26.6800847373,25.6643317915,28.0108596082,29.5622968121,27.546467508,30.4323554799,34.5407191272,36.9978621176,32.7213228366,34.6457934549,29.963557563,26.4824222748,26.2700132611,21.0983677569,23.8255190228,23.7682446227,24.5269945851,21.9911895693,19.3886310313,19.7155569558,18.5793765026,15.1879301938,14.301348727,15.3122565015,12.3105469494,9.550029412,10.1192614462,10.8705321929,6.97181216792,5.22451678164,8.20574892519,8.82443804595,6.81450558709,6.85044844459,7.38116475342,4.86736759441,8.66271127992,11.0097563524,11.6612700084,13.6977155771,1AUG ,1
I,I,I,I,I,I,I,I,119.0,I,A,0.00507614213198,119,I,A,0.00507614213198,I,-0.5464,I,0.4614,ILE,119,1.59103005208,1.66547333328,ILE,119.0,1.05068663242,1.15735374102,0,1AUG,I,119,I,21.9200150596,22.6792228832,17.6709662599,22.0281497661,15.5622960878,17.4100818822,15.4914346351,16.2961517481,19.0828109841,18.9730999371,25.2717439489,27.1913714439,25.3636707199,28.5008984475,30.2869205535,27.6157344446,31.3575253559,27.6413690742,22.2003062414,21.7219714735,18.6825243724,23.1425555636,24.438464273,19.3033902695,18.0052036298,25.5811178022,24.2374315357,18.9448569092,23.4029543522,22.4844532286,21.7014259888,23.244867425,20.0818785474,21.2711203707,18.611658817,17.7014185472,21.213587898,18.4319025899,20.9204707707,20.3247954688,22.7389920095,24.8263308201,20.4494493443,24.9029078287,23.0305906772,25.9702178193,23.7811278506,26.5515931555,28.3651547095,22.1950016221,21.0020226234,25.0171444713,24.2497232986,18.8312207965,23.3033196606,26.860420494,22.220556812,20.0093181255,24.8752891483,26.5926417495,23.2235708475,24.6230133885,18.5529129915,18.2057082318,13.0260130077,14.1346347192,10.5654724958,12.7093667541,13.7070178251,13.4208828031,19.4130039557,15.6123831129,19.026839128,20.2086499267,13.4525300493,18.5581393383,13.6649961728,11.9852686456,10.2400615671,5.27796432438,8.33420891797,5.61385094496,9.70326963629,11.3358060208,15.2465051066,20.3752011764,21.0647468769,23.007316522,24.4053900121,25.5316053103,22.5370276841,27.4719980226,30.4572091412,27.1571552595,27.3750831813,30.4737364329,30.6465521368,29.4572330086,30.1406124609,26.6627787237,29.1156731697,26.1148171397,26.78816333,25.1000305021,20.3179673367,22.2655789223,26.8667907101,25.4169062399,23.2445612098,18.6030956003,19.0733781482,15.4947620028,15.2974939045,10.2898007018,5.14501535634,7.46497059506,5.9241608714,6.37420674693,0.0,6.87831693601,10.4406858183,5.70697556158,6.56789414938,10.318974214,11.7943406101,10.6704845435,12.3358542953,15.3761664487,17.6604403704,17.1832080653,15.7274909012,16.1248881393,11.2075277158,9.52602961462,5.84944606689,9.23587807861,8.92315379804,13.7021342109,12.1554775261,14.6200358083,19.658478064,21.7439961716,20.990389231,16.7643399663,15.6301549423,20.429535504,16.699401512,10.2866801291,16.793794716,16.5452961698,13.636013994,11.5765957478,18.456392751,20.0414905254,14.514850209,16.4344873873,22.2875928192,23.1747277374,20.6511227387,19.5384812024,19.3602264593,16.1278112699,11.4918341693,9.99314484495,9.47799657777,10.975185063,8.49253984488,12.5621005077,14.8393349499,16.2764133276,22.4166486417,23.031910563,25.2711442647,27.1858238158,24.222770073,26.6166623228,31.1896247306,33.1996869916,28.4283248493,29.946478204,25.4497708996,21.8037919788,22.7425421871,18.1157335463,22.0806813453,22.4119356259,23.9859224952,20.7090953571,17.4812096691,19.5404864595,19.1931783119,14.5121974692,13.7800059192,17.6064495064,13.7720587754,10.5243613424,12.6558404421,14.8553211546,10.6806703444,9.62904772576,13.4428872139,14.6492362922,12.3854929948,12.8373913234,12.3940275373,6.15592595034,10.0985128386,11.3731275386,9.74216823715,10.2644951019,1AUG ,1
K,K,K,K,K,K,K,K,120.0,K,A,0.131355932203,120,K,A,0.0338983050847,K,-0.9605,K,0.1003,LYS,120,1.44180235297,1.54792747074,LYS,120.0,0.802273939064,1.00846067753,0,1AUG,K,120,K,24.5523179095,27.1676525728,21.5757738798,27.7562654074,21.2011886581,23.9776374684,21.8134893802,23.1415102995,25.8087059194,25.4677714427,31.8080642765,33.4178674708,31.1293679596,34.2944466091,35.9638761507,32.9459437683,37.0654381585,33.3032581904,28.2443985849,27.0848091122,24.7669090191,29.6003245414,30.2748264824,24.9667596527,24.276065126,31.6467290257,29.5506171498,24.4286335646,29.5704519755,28.3029741381,26.9761171072,27.8190312684,23.8607593774,24.5787533416,21.758530878,21.9708761284,26.3684176536,23.9229187386,27.0936384051,26.6785370614,29.4912033921,31.5335802541,27.2708530157,31.6302781971,29.3246488161,32.3783920637,29.5314233273,32.3931448906,35.0081739977,28.6969518316,27.3274687991,31.5801731738,31.0667964923,25.5549520087,29.5646647669,33.5075865207,28.9726336789,26.4096050833,31.0010388919,33.2199403602,29.6681465764,30.4824120967,24.6855746302,23.2418076499,18.4833395014,20.615911686,17.0995744205,19.5805573489,20.1618709826,19.5908783034,24.6465843594,20.3244848012,23.5829620716,23.7739688037,17.0759859366,20.033624928,14.7414925085,15.7670334714,14.1119362637,10.2297835969,13.5441325563,5.63704866764,12.9448845103,16.1115307428,18.9991678481,24.4429720521,25.0515874548,28.171220052,28.3698124449,30.3642378083,27.1086147652,32.3083101655,35.7480686054,33.0770963689,33.5896364329,36.8431977422,36.559987758,35.4063157973,35.0242686357,31.8807975208,33.4285548873,30.1926540495,31.6907488614,29.2002270885,25.4419014488,27.0122165192,31.6081928441,29.2216158423,27.2559436857,22.0538982622,21.69855698,18.4597184166,19.6640407986,11.925373597,10.9227202461,13.1847537626,12.2512448149,9.8729085681,6.87831693601,0.0,9.5911802934,9.91532988751,7.70755332641,8.05291798137,12.3259668883,13.3196963916,11.0632533436,13.9253466613,18.904864303,17.4741930752,17.9195841694,17.4652357106,12.5066245057,10.837372063,6.64666256087,12.3690344559,8.95622590701,16.7265577482,16.7922735278,18.5980520393,23.8402738875,27.0930747058,26.962699764,22.6183675545,20.6924984747,26.3188767197,23.2863080791,16.3183045816,21.6519926203,22.4387067045,20.110679901,17.280444075,23.6254894973,25.9400668582,20.0962788998,20.7709996632,27.3198333889,28.4485483737,26.2609058352,23.7447623778,24.1676912767,21.645123644,15.6576367113,15.6829872176,16.170145943,17.4531207831,14.7295396562,17.9071805133,20.1487257823,20.0785013857,26.5787104418,27.6298467965,28.8194398955,31.5161379868,28.9873029064,30.059663296,34.9761423445,37.3180634013,32.4048212874,32.403610014,28.3691849896,24.067213163,25.7591209313,21.2261871852,25.4217847961,27.1907481196,27.8502423046,23.409223608,21.9650357088,24.2362794912,21.9230081626,18.4583922483,19.1938607262,21.4538987719,16.9582282786,15.3253234158,17.8510480105,18.6451744096,13.4846438858,14.2550105478,17.6307680086,17.0325385292,13.3310049281,14.825779606,11.9132190268,5.79503641961,6.52486564613,5.99942504546,3.82775940006,4.23023647794,1AUG ,1
R,R,R,R,R,R,R,R,121.0,R,A,0.153284671533,121,R,A,0.153284671533,R,-0.7316,R,0.2999,ARG,121,1.17472250182,1.4790717366,ARG,121.0,0.790276551677,1.02058463117,0,1AUG,R,121,R,16.0795842178,20.0479061862,14.7683201355,22.6149354701,16.3375828515,21.3415256134,19.0300003935,22.6355719003,25.2703285989,27.1461552694,32.839457818,34.2858622959,34.2056169306,37.0248222145,38.4925254713,35.1405893828,37.9512235771,33.7488841749,29.5251781624,28.1224162968,25.7156576618,28.5464023975,29.5077198929,24.0473431435,22.8030211262,29.7348908681,27.2270707419,20.7577287321,25.6594491906,23.485656463,21.6355696795,21.021505944,16.9976793051,16.659614459,13.3951557648,14.9060704847,20.0670762664,18.806625328,22.8255412266,23.5555356676,27.2717161526,30.9983724607,27.6411526306,32.569236908,31.5611557635,34.6532894961,33.4836604665,35.8758294271,36.316451685,30.7400092751,29.3490147087,32.5781834292,31.1969965027,25.7009602768,30.4904011598,32.3351444256,27.5006824604,24.9085055589,29.0960300692,30.2494294758,26.1416429832,26.8627886812,21.3502935028,17.9899065544,14.1766458506,18.9196586469,15.3801240954,20.0602941166,20.4245979103,21.4262440034,26.9711203521,24.1581537016,27.6971018369,27.992135701,22.5055264227,24.9264020161,19.368488302,17.162535175,18.3843203041,13.0960573096,18.4401646295,13.5221806176,19.6628119471,21.1092608507,25.4094328234,29.7188128311,31.2935940775,32.9154791412,34.8298957814,35.7842694281,32.5253676516,37.3374410284,40.2393190032,36.5834585813,35.9093798162,39.1287899115,39.9435545795,38.841653644,40.2987851683,36.6893741935,39.4716858848,36.4665931856,36.6979550521,34.6454709084,29.8669320419,30.8423483832,35.8222732622,34.1617243772,31.787917333,26.5608327517,27.864320033,24.4886500262,23.3117509548,18.0689909061,14.2153204426,14.6283180969,11.8695466745,6.57541952625,10.4406858183,9.5911802934,0.0,8.27366032158,10.2787136201,8.75970913439,6.89922634053,12.1704132677,13.1171745183,10.214110939,14.7806746955,15.7215057022,17.3162132279,19.4060045479,14.7877992529,15.6730200661,13.6217028396,18.8177523586,17.584100744,23.9212526497,22.5534779255,24.9734553923,30.0813716087,31.6300076473,30.4717291081,26.2834618295,25.8632460866,29.8898178734,25.2557943741,19.9594978557,25.9571839701,25.5613175183,21.1167537948,19.4986103051,26.2378984776,26.6473735748,20.157775519,22.4224768677,28.9767280376,28.6303818776,24.8949641898,22.4547774818,20.9805754236,19.3502719017,11.1838756794,15.0762732447,16.2137545307,20.0718289093,15.7493532721,21.9396013674,21.7164759044,22.7064423041,30.1069399397,28.6690037681,29.9593515154,32.1654141275,31.1044115103,32.8828498841,37.0908783955,40.2121993874,36.0766783514,36.8064855017,32.3691219873,28.3959977298,28.1171424402,22.7383632669,25.1201525925,26.4783709149,25.9057333998,22.4761427972,21.9705480969,22.0344024242,18.4450866354,16.8868528925,17.7447286456,16.2628507883,12.7632431399,12.4135483521,13.5529624848,12.0838624226,7.3133895731,9.33266153776,11.0286032988,8.4853181567,4.21775196148,8.63745707457,5.23513621247,5.82671615823,4.21083531804,7.22869655432,9.16485475865,12.2626847572,1AUG ,1
I,I,I,I,I,I,I,I,122.0,I,A,0.0,122,I,A,0.0,I,-0.2829,I,0.6911,ILE,122,1.57588784149,1.65258069421,ILE,122.0,1.11897801808,1.1844204394,0,1AUG,I,122,I,18.6048018476,19.2187192026,15.0403057989,19.3713294357,12.1773186581,15.7518112141,12.4815254492,15.3996999363,17.7341302107,19.1780231611,24.9058923109,26.1935486041,26.0142075167,28.7845443236,30.2220237742,26.9255340383,29.8871524234,25.7820655119,21.318939412,20.0580951157,17.5251671928,21.0099994538,21.8505322485,16.400093387,15.3236573328,22.559565577,20.4403898886,14.6343066425,19.9300825794,18.549512366,17.0898067043,18.2912591434,14.6140952375,15.9409539642,14.1336552019,13.022784067,17.2892746638,14.1756832141,17.9055726065,17.2599998906,20.9584865863,23.4789398987,20.2443150578,25.0968407027,23.5360550599,27.0597154623,26.1853388839,29.0843340025,29.0724816342,23.5390977503,22.9594451564,26.1929203083,24.4271064988,19.4577287428,24.9690108097,26.8299492321,21.6621458057,20.1004864484,25.0493143079,24.9313984671,21.2023150557,23.7046515376,17.2770510131,16.2404539837,10.9369453783,13.735939773,8.59644049591,12.9362813803,12.3793811032,13.20658553,18.7695437923,16.1910318204,19.7306715981,20.4282266661,15.2648282213,18.7635035676,13.7070503094,9.81270978393,11.0380860296,5.67216488993,11.3769082173,11.0547582699,14.9825772041,15.8355656721,19.982735137,24.8866404795,25.4031094994,26.4200196639,28.2947956241,28.581505677,24.9001396861,29.5149922358,32.3879084394,28.8929445888,27.850185598,31.4958260113,32.0897602144,31.4344246306,32.8215245707,29.6760917364,32.746389229,30.0838887526,30.3737475154,29.4647109579,23.9998108488,26.116057117,30.680609707,29.9015426893,27.6027586274,23.252974258,24.2792669801,20.6840151916,19.4900740388,15.7868419539,9.44379949006,10.4296175891,6.53082787183,5.26182610192,5.70697556158,9.91532988751,8.27366032158,0.0,5.63483098012,8.66588147426,7.10854130433,6.44110111069,10.6901757798,11.6356612745,12.5963169307,13.193428501,12.0015549878,14.035424423,9.46530102999,10.0802348534,9.17971189182,12.5049190937,13.7289077808,17.8402601747,15.8542414724,18.2785319469,23.3158801631,23.9246236748,22.8059821259,18.4585007856,19.2676123643,23.0825379197,18.1137361048,13.5431843483,20.8531383268,19.5028414625,15.3284607923,14.7270420898,21.8036939708,22.0229115978,16.4426690685,19.7556172019,25.2311586607,25.2623441313,21.6191457793,21.2560932032,19.5249390644,16.4271192075,10.4772950306,11.3759359893,10.2252662015,12.4553462155,7.53855900766,14.07889423,13.5443778748,15.1712777072,22.2373974954,20.9672475974,22.9368345551,24.7683124326,23.0987268397,25.5098141791,29.6495624539,32.4012676887,28.2490356967,29.8302510469,25.15901448,21.6447107926,21.1566653701,15.9052765835,18.728561373,19.2156874891,19.845364398,16.8935125144,14.5427890001,15.3970258495,14.149946778,10.2892306456,10.193371186,12.1215849802,8.28115427325,5.57858314873,7.98329756975,9.47259257776,5.30177019883,5.62409050987,9.3484796585,10.3526898006,8.97415150287,11.7065874118,11.5584225488,7.61996560298,9.81027282306,12.3284530201,11.0024465664,12.6904335334,1AUG ,1
V,V,V,V,V,V,V,V,123.0,V,A,0.0459770114943,123,V,A,0.0459770114943,V,-0.6152,V,0.4014,VAL,123,1.5896195065,1.67960119486,VAL,123.0,1.01541742322,1.12526842217,0,1AUG,V,123,V,23.683509024,24.7601831566,20.5415865131,24.8393606912,17.5747889662,20.5681690261,16.8186116021,18.9384856832,20.8338689501,21.0207408247,26.9288873273,27.6909723389,26.4719194355,29.3029013255,30.5844455767,26.88949661,30.650804513,26.6708920693,22.4593969907,20.4308749632,18.8834996069,23.7488918167,23.5442192536,18.1531446854,18.2919609638,25.134893542,22.4153296906,18.1039894987,24.1951849928,23.1301030795,21.3915550285,22.8663026125,18.5797282975,20.2071218329,19.1020423751,18.1511436271,22.6191376837,18.9748124392,22.8902305605,21.4223738986,25.1865074225,26.3679350711,23.2361980458,27.7334484994,24.9498898487,28.971274328,27.2604100139,30.7994728849,31.7003731252,25.8906799641,25.6993918068,29.4164327683,27.8463109275,23.1721190006,28.4635752298,31.1174788781,26.0067343535,24.7123974078,29.8172563953,29.6509374631,26.1736276382,28.9866086412,22.5037840299,21.8308307895,16.4772545069,18.4797937737,13.157471335,16.2889317803,14.7950355927,14.4362913589,18.5718154756,15.0584838765,18.4603698249,18.1420473584,12.9238366308,14.7235096649,9.19981372248,8.42532619185,8.77586461336,5.05203005974,10.9138880072,9.69696346169,14.5351349975,16.8033810656,19.7994231273,25.8830280489,25.3229005722,27.3675202107,27.6696233208,28.4947682309,23.9806699747,28.9160058535,32.4512706522,29.954027422,29.1315253521,33.3438393861,33.0523789433,32.8092962035,32.6525820491,30.3154810482,32.5074651357,29.7992143658,31.2254193819,30.3094215354,25.3904828599,28.1166240244,32.4005698021,31.2239303622,29.1943011592,24.8414645907,24.7076972274,21.1696820057,21.5983684822,16.1075370632,11.4542656156,13.6861969616,10.8225778761,9.65706602155,6.56789414938,7.70755332641,10.2787136201,5.63483098012,0.0,5.14389992611,8.14546443872,5.9011352837,5.87986072432,10.1519610461,12.5212347531,11.0143371424,10.3310620562,10.4787017936,5.34768062711,5.42565447606,5.51788373793,9.99733063835,10.7150347469,15.9586629155,15.3094940634,17.0515955975,22.5741336254,24.0115619782,23.8525301897,19.0801221274,19.6689834291,24.7127801167,20.5798348559,15.1629693312,22.4616378236,21.6911077181,18.8030681332,17.6254201278,24.5353371849,25.739114364,20.4656212026,22.9239044701,28.4951910053,29.2261907672,26.2254787653,25.5889997337,24.5935634105,21.3592290508,15.6411335577,15.6783439448,14.2298587929,14.1238622061,9.54359296937,13.7216220191,13.7231545835,13.3452630319,20.6490341942,20.5194887715,21.4992666474,24.2046884532,22.4503156068,23.4611939929,28.1137637514,30.9771810286,26.5248842766,26.7581587808,22.4329425168,18.3003141947,18.8422356015,13.8965117365,17.7619266813,19.7713915066,20.1812566266,15.758900153,14.5458825994,16.8778445533,14.6788715673,10.951885828,12.4668301979,15.1121539415,10.4183844761,9.27740037414,12.7257918261,13.9736428024,9.49621842688,11.2290247761,14.8106417823,14.9934393925,12.6768076566,16.1562761177,14.5031395612,9.12407766393,9.64158440102,11.2660008502,7.90545599037,8.72095948891,1AUG ,1
E,E,E,E,E,E,E,E,124.0,E,A,0.286995515695,124,E,A,0.286995515695,E,0.9187,E,1.739,GLU,124,1.30662430391,1.45312253478,GLU,124.0,0.766311549909,0.926597326504,0,1AUG,E,124,E,23.7452227682,26.2187144903,21.8337074828,27.5348535845,20.2832407978,24.3573860661,20.5008138897,23.4769512636,25.3583096389,26.0114583666,31.7782370536,32.307092666,31.4370538072,34.1738808958,35.3110820155,31.3115846152,34.8887898498,30.7836429865,27.1271192893,24.6280814904,23.5263297866,27.9819430242,27.4531509462,22.0011064009,22.3433373191,28.843887645,25.4851932538,21.0072489305,27.4368905911,25.9086402272,23.6544334373,24.2594225858,19.3758628048,20.4448224881,19.4015892663,19.4404192747,24.6420061926,21.5043909188,26.0597118718,25.0149336273,29.2480328038,30.8833740026,28.0218862275,32.6428973417,29.9841318166,34.0569391668,32.3818381197,35.846089618,36.668717396,30.9135851164,30.5477500858,34.2009835693,32.5629740328,27.7374106292,33.0079490233,35.4022089624,30.2349555606,28.6749401507,33.5874082785,33.4508294352,29.7043571232,32.1725796951,25.8571001712,24.1138772035,19.1739556393,22.3394511641,17.1281370375,20.9691309743,19.4558643304,19.3944928066,23.1191207029,19.8127694831,23.1019257911,22.169302235,17.5288193165,17.5279126939,11.9907459873,12.3053214567,13.5293737413,10.1627936767,15.9372886071,12.4303950556,18.6197233424,21.2472191033,24.2517424421,30.2501582561,29.9670048228,32.3130596063,32.4216965038,33.4964446139,28.873494223,33.8416315029,37.4967311635,35.0950275321,34.1420720758,38.4307453376,38.1693976963,37.9479534615,37.6626685355,35.3680830375,37.3716889252,34.5661045217,36.1261988401,34.8218436932,30.153342648,32.5118264672,36.9743392013,35.4264815949,33.3715124301,28.6021883648,28.472393928,25.0110049288,25.5445450071,19.1264161131,15.4613421831,17.4204283231,14.5018276223,11.4621552804,10.318974214,8.05291798137,8.75970913439,8.66588147426,5.14389992611,0.0,6.61522027245,8.1172910948,4.61536783267,6.30889502804,11.5874441729,9.78566654829,11.7518476576,12.1342466062,7.84573335522,9.13155407727,9.23195969133,14.5643714419,13.918374567,20.3969010278,20.1887785479,21.8107544682,27.3919809808,29.0995924301,28.9962423818,24.2186563835,24.5868239406,29.7355618314,25.5455767389,19.971224238,26.92939005,26.4606620829,23.260496749,21.8034448457,28.7602706127,29.9417406966,24.1739945173,26.3871932071,32.4859353273,33.0026267099,29.7699812411,28.3654261307,27.2504247196,24.5505073197,17.5923062321,19.1235535175,18.4433488441,19.1846341691,14.365652227,18.8070953145,18.2513180169,17.2393394322,24.7970424344,24.163496192,24.3127024515,27.4158966652,26.5246234535,26.7458462351,31.322046316,34.6758955711,30.4560076146,29.7680393459,25.7598988649,21.3617752913,21.7478194218,16.7932571626,19.9975568691,22.9949806604,22.2328924448,17.2564030355,17.9800463906,19.6488072315,15.3836090791,13.6246214333,16.1665558186,16.397705148,11.6133171399,12.2456174221,15.387705993,15.0570841595,10.1844947608,13.3867027882,16.291490265,14.9273929078,11.8820324851,16.6831617768,13.6746366864,9.78063381314,7.37739756656,8.8694193092,5.80022734855,7.79603560251,1AUG ,1
E,E,E,E,E,E,E,E,125.0,E,A,0.304932735426,125,E,A,0.304932735426,E,0.3901,E,1.278,GLU,125,1.23655139183,1.43336175709,GLU,125.0,0.811542218335,0.966506686555,0,1AUG,E,125,E,18.2547826209,20.5560002604,16.9892434255,22.6473072839,15.5752236011,20.8270791409,16.7806475184,21.1912311079,22.9716439362,25.1420369248,30.3494984534,30.8533004938,31.5583438058,34.0326348759,35.0771487111,31.0581701386,33.5948850061,29.2491755695,26.0916603818,23.6949531363,22.3333648678,25.2176527639,25.0434636193,19.5883341046,19.4095242992,25.5526051804,22.0979684918,16.6059789001,22.8378156999,20.8068992501,18.224475201,18.122866532,13.1292757337,13.8958024528,13.272908867,13.4602223415,19.0066302779,16.3058564286,21.4100400247,20.942163994,25.7303931759,28.3909694356,26.1879792107,31.0989316838,29.4316339144,33.4064956758,32.9350446145,36.0137935036,35.3162527799,30.155635389,29.8360392815,32.7418880476,30.5149346979,25.8753632502,31.6337092574,32.6031742721,27.2870420166,25.9405957662,30.6138081914,29.5025058144,25.51866882,28.2819069795,22.1309338286,19.7104720414,15.3065968395,19.6453791133,14.40665181,19.4751160323,17.8419518543,18.942091062,23.1496797983,21.0984182145,24.5043599506,24.0727267871,20.178559022,20.8830745909,15.6680263562,12.6286165894,15.6877167688,11.4111509029,17.771537276,15.9712317736,21.3555596895,22.7666436438,26.6899073265,31.8554254369,32.2183327973,33.4261942333,34.8655028179,35.1509363065,30.7877868375,35.3707358846,38.4899207418,35.3163706699,33.5915511934,37.731825113,38.2873694249,38.0566609727,39.1972769532,36.4990543604,39.4323729782,36.8163330879,37.3916590432,36.4820788978,31.0972066906,33.1428774457,37.7690818773,36.8374570652,34.5302406302,29.9061829569,30.8282557189,27.2553676809,26.2754495064,21.6144147886,16.2331037602,17.104998178,13.2220274619,9.6616346426,11.7943406101,12.3259668883,6.89922634053,7.10854130433,8.14546443872,6.61522027245,0.0,6.82367682282,9.18112897026,5.32917704651,7.91899759187,9.21018941747,11.0813826725,14.0180988171,10.3933442677,12.937934831,13.4186392872,17.8518472855,18.4484942164,23.7321294994,22.3642364774,24.4728466375,29.7695930741,30.2280623521,29.321588676,24.8190368641,26.146406449,30.0574261696,24.8688845384,20.6228975206,27.9016870304,26.5913064074,22.1686726028,21.6456813558,28.7055639577,28.6325920439,22.7977222236,26.0890278001,31.876373534,31.523931907,27.4054866334,26.5530395496,24.2219082908,21.8529378012,14.4717928125,17.6014120029,16.969499993,19.1980316143,13.6441393566,20.0146372805,17.8908808591,18.2133839597,25.9723639021,23.5190773758,24.168652687,26.5590145511,26.5178404694,27.7448486839,31.6466445017,35.3155572209,31.6869639222,32.1002953961,27.731089008,23.9251235422,22.7333955742,17.2803627321,18.9178760763,21.0010312187,19.6268492154,15.9748366047,16.7115679862,16.5172590845,11.7961227921,11.2655705109,13.5178757572,11.0265302356,6.92799112444,8.69168265421,10.8154649496,9.04739539248,4.7998980648,9.30351172776,11.0968249752,9.26820673825,7.54941230048,13.6547814012,11.8229456041,10.5958619596,8.94598054256,11.8426032716,11.0625242806,13.7228228758,1AUG ,1
I,I,I,I,I,I,I,I,126.0,I,A,0.0,126,I,A,0.0,I,-0.008638,I,0.9302,ILE,126,1.5855696257,1.6204059505,ILE,126.0,1.05378543333,1.08855511402,0,1AUG,I,126,I,22.4049575868,22.4774139119,19.6641937115,22.6120215919,15.2399616254,18.8395534495,13.8857190083,17.3492166188,18.4961424431,19.8822417096,24.9840613298,25.0274118896,25.4281811809,27.80510406,28.7066084347,24.4966960321,27.4061576465,23.1497844043,20.0703485176,17.2888386696,16.4470013728,20.3786228113,19.5090177563,14.0612029164,14.8034488076,20.8419487625,17.3760737857,13.3898722479,20.2547062108,19.1120358928,16.8416045078,18.4862641114,13.9558827799,16.2120422474,16.7256676232,15.0286692929,19.4982664203,15.2095423001,19.9160350417,17.9181962499,22.6653591613,23.679528615,21.8311921725,26.4365430677,23.8640805178,28.3970747503,27.9980137655,31.6587728992,30.8012233995,25.7496465151,26.2918555161,29.2355073919,26.7602327011,22.8569758811,28.9530316102,30.1164471541,24.6899700049,24.3198103367,29.4585947008,27.3456002865,23.871922449,28.019722298,21.4089964739,20.8905474956,15.7491766383,18.1178418143,11.9443251535,15.9456332304,12.8367708112,13.3659146974,16.5819245196,14.7010078416,17.974578948,17.3767152401,14.3364356117,14.9132571551,10.2537136883,5.85807375058,9.87178588295,7.27064471126,13.3340386194,15.1043279773,18.7263124141,19.9907158613,23.236779855,29.0071064639,28.2008409509,29.1700341237,30.045526994,29.8859120186,24.8721970164,29.2799904721,32.5663213929,29.929293997,27.8626342285,32.5839990682,32.6509684253,32.9965795494,33.5680166472,31.6142808759,34.4727736356,32.1946049063,33.1547809595,33.1910906517,27.5714460304,30.6170301627,34.7288415771,34.3745199753,32.2549236365,28.3963933149,28.7788887916,25.1969965942,24.6832762912,20.8288222278,14.6947005749,16.1659016116,12.2885417922,11.555112315,10.6704845435,13.3196963916,12.1704132677,6.44110111069,5.9011352837,8.1172910948,6.82367682282,0.0,7.38340505271,9.22843673266,7.71908927005,7.46135732066,5.61555308296,8.40731921435,5.19892742938,8.28142274833,10.8211935622,13.335759547,15.9046183001,19.2962082186,17.9101240359,19.6491490422,24.8409884243,24.6171683551,24.0959903376,19.4228052447,21.8997521069,25.8301053676,20.7652275583,17.2540902436,25.1636293189,23.3128198931,19.6968089473,19.8413837384,26.7453588799,26.8056168279,21.9629759216,25.5775192649,30.4601068912,30.5893245404,26.8528096661,27.333218357,25.1648543561,21.8676276439,16.3934565568,17.2017102477,14.9214514055,14.7474037001,8.95314637042,14.3861405877,11.4695787793,11.4085773241,19.171564849,16.9714303397,17.8036616345,20.2397388355,19.8012959214,21.0457619057,25.0632795611,28.5526961967,24.8646525311,25.5689967446,21.0689867169,17.4995038474,16.1743298433,10.698157842,13.0989632955,15.1327147111,14.7348315468,10.7886012359,10.3248432246,11.5765826183,8.86107230324,5.55678831056,8.39421770568,9.78605413802,5.16476587304,5.73718313262,9.44875627794,10.4123604322,7.70797168724,10.3050839682,13.0966683699,13.6374138343,12.9049202451,17.4455150932,16.7048621252,13.066590803,13.2452290447,15.6424901668,12.9797382747,14.3080805506,1AUG ,1
K,K,K,K,K,K,K,K,127.0,K,A,0.423728813559,127,K,A,0.228813559322,K,0.2074,K,1.119,LYS,127,1.40421054723,1.56832662852,LYS,127.0,0.740134362808,0.942756721192,0,1AUG,K,127,K,27.1310522308,28.698283418,24.9394541332,29.3722340293,21.9676405889,25.4841124617,20.9767704396,23.6294336795,24.9425643523,25.1160088769,30.6026228005,30.5343483696,29.532959407,32.0862086739,32.9644023566,28.6209588835,32.4128619192,28.4209351459,25.3266005498,22.2187486453,21.9833587933,26.9969847692,25.6331542711,20.4392398186,21.6729419726,27.5701845309,23.8541095858,20.7119707962,27.6160416588,26.4736957275,24.119737139,25.3500247593,20.3923782325,22.1233061742,22.1160545906,21.4226932067,26.3597435293,22.4475781966,27.0823720692,25.1741952557,29.5948782754,30.111974863,27.7813999944,32.1270311653,28.7342212228,33.3009047409,31.6840002709,35.643407201,36.2717949723,30.7046945101,31.0034696325,34.6180770143,32.726274378,28.4980321772,34.0191612915,36.3412914255,31.0844717343,30.2035501235,35.3520316456,34.3018320626,30.8281504416,34.243983586,27.6922840805,26.7368908107,21.5334276996,23.9342081343,18.1839529207,21.4789493964,18.8847149784,18.3725482058,20.7211550781,17.5433414532,20.5309075096,18.8532990506,15.3601772664,13.5502236431,8.33602491264,10.0275259374,11.6331128465,10.207906357,15.5694053013,14.2870929923,19.4081969776,22.1534023547,24.4827281449,31.054765832,29.7829352625,32.1300692233,31.4933091774,32.3348314501,26.9700841123,31.8025942031,35.7305433318,33.9770955032,32.6577929569,37.5015980392,36.7731945828,37.1249588514,36.1381388596,34.6376063635,36.4012321747,33.8626387739,35.9233601475,35.2899075452,30.5590374133,33.6296756353,37.7161529321,36.5025210034,34.6055440134,30.317522993,29.6942328376,26.2624248854,27.2687590545,21.1650793232,17.2556934153,19.5636616939,16.5808953518,14.7574353359,12.3358542953,11.0632533436,13.1171745183,10.6901757798,5.87986072432,4.61536783267,9.18112897026,7.38340505271,0.0,7.77106921012,10.8475924682,7.46085930533,8.89079497854,7.98314316729,4.73709042457,6.89286646777,9.49837701482,13.5422259424,14.1138749355,19.4990071493,19.6922641746,20.8194329041,26.3900256741,27.7144892917,28.0830236665,23.1755596198,24.3826590283,29.6645753635,25.6293417986,20.5793858926,27.8983642733,27.1213905626,24.4660445167,23.4430584025,30.281783491,31.5130916814,26.3230959046,28.7587876653,34.3298288721,35.088151969,31.9767991716,31.3279075227,30.1194414753,26.9961523304,20.7863496001,21.4833230464,19.8992338337,19.0742023817,14.2395445656,17.5009345043,16.3174726594,14.1390792475,21.5862332011,21.1515072926,20.6435579899,24.1374734439,23.5034719324,22.8917942157,27.5210203342,31.0315663479,26.9397106123,25.6163956054,21.8262026825,17.3459624177,17.8243662815,13.2482692829,16.7379419758,20.5300201107,19.7083515158,14.1217677693,15.5396212994,17.9892968019,13.8606993652,12.0666598724,15.3583366348,16.5117540958,11.7736454735,12.8200681654,16.4705655152,16.7256552168,12.6399115476,15.7995797902,18.839693492,18.1048599234,15.7387539621,20.6051526402,18.0806939502,13.6533072632,11.9402640857,13.1377321518,9.18076219989,9.7769725736,1AUG ,1
K,K,K,K,K,K,K,K,128.0,K,A,0.627118644068,128,K,A,0.627118644068,K,1.898,K,2.593,LYS,128,1.0332546675,1.28813416863,LYS,128.0,0.568676825768,0.760136778376,0,1AUG,K,128,K,22.5292184119,25.3919472535,22.021407578,27.784309115,20.729328545,25.914873796,21.4680338153,25.7703927963,27.2301630866,28.9843655692,34.1274635571,34.1079983186,34.5822316812,36.9649162626,37.7784743208,33.3269232609,36.0982472201,31.7857692722,29.2396339386,26.1221989639,25.6374843351,29.0231011973,27.9857910149,22.6716237092,23.3472564462,28.9123151673,24.7633032989,20.4044672726,27.1777183046,25.2155580127,22.2805536776,22.0588385288,16.6824441951,17.4602653555,17.6894305009,18.1678276128,23.8118229781,20.9267311777,26.308874627,25.414418532,30.4780621746,32.4628176777,30.5818728875,35.3571924721,33.0473073591,37.4111251716,36.6615492016,40.1187439573,39.6605256642,34.4451730596,34.3882832156,37.4697012674,35.1958276964,30.739539247,36.5266457521,37.6806263582,32.3084964766,31.1408727799,35.891794051,34.4896487098,30.5768313617,33.5980628601,27.4217047857,24.979629376,20.6348648766,24.8090944412,19.3185074664,24.0782281149,21.8155127686,22.4693866426,25.5738977332,23.3602691619,26.5531703534,25.2193260686,22.0140030723,20.6690531867,15.6773836319,14.5648730238,17.7349148594,14.552695909,20.8656840265,18.441184765,24.4014371444,26.5092169246,29.8741737816,35.638954161,35.4440109468,37.1828215716,37.72943611,38.2597742198,33.2937367644,37.9642945228,41.4804716929,38.9256061547,37.0830706078,41.6764086258,41.7654492366,41.8914299992,42.1734694274,40.0425926176,42.4953475379,39.8897126899,41.111056895,40.2097271184,35.0899841471,37.4246119253,41.9505865455,40.7808838388,38.5965776474,33.8823393632,34.2292886697,30.6999406979,30.5036678454,24.8241737133,20.3010167507,21.6584175401,18.0204128995,14.4067920391,15.3761664487,13.9253466613,10.214110939,11.6356612745,10.1519610461,6.30889502804,5.32917704651,9.22843673266,7.77106921012,0.0,7.60433909948,7.09621951768,11.3538794812,13.4193878388,10.8536582243,13.8533182496,15.193836553,19.9413096624,20.1083552105,25.9891713906,25.376801942,27.0728055671,32.5822230938,33.3490797063,32.957751151,28.2279217777,29.6224458072,34.111127487,29.2055226468,24.6383337255,31.9726011993,30.913392427,26.9480721435,26.1862990049,33.2687181258,33.5950966151,27.7707570043,30.7087653567,36.6694831013,36.570663086,32.6245306347,31.5317391704,29.4405294996,27.0966432531,19.5922449049,22.562179443,21.8185766647,23.1356579501,17.5461162861,22.955315211,20.6204371817,19.5977841101,27.4171383224,25.1261606652,24.648614498,27.6988578232,28.2825101571,28.2419306107,32.2108897739,36.2810485008,32.7925953882,31.9504983287,28.0382188947,23.9381894376,22.9659139945,17.8926708422,19.4166510176,22.9376861965,20.6931391169,16.0160677824,18.6930670445,18.9432573281,12.6695471996,13.6142269815,17.0790068331,14.2217645894,10.2288925963,13.1047717873,15.6526001519,13.6692098513,10.0944838218,14.6204818305,16.29909778,13.9104543474,11.8279702805,18.2050259613,15.3262788748,13.9919794539,10.6366549469,12.7182465698,11.3038855267,13.7320996041,1AUG ,1
E,E,E,E,E,E,E,E,129.0,E,A,0.466367713004,129,E,A,0.466367713004,E,0.1382,E,1.058,GLU,129,1.16034873815,1.32098495866,GLU,129.0,0.673534522279,0.778221744007,0,1AUG,E,129,E,22.6216522997,23.3627181779,21.809704284,25.036759829,18.2312082813,23.183493644,17.8109795751,22.7369572334,23.2943473299,25.8308402715,29.9704882512,29.2064870338,31.1083722067,32.9764467799,33.3999253008,28.6488299673,30.5153199912,26.1418803051,24.8405132392,21.2078736727,21.4978827,23.9042039101,22.1364496329,17.2845714084,18.6533436479,22.8604825767,18.1197681696,14.8477290288,22.0363797141,20.2979024248,16.9795532301,17.3287367017,11.9768766696,13.9408296621,16.5033525302,15.5134059519,20.5016915918,16.7475462237,22.485324178,20.7758661661,26.4753975803,27.8247749083,27.2919198703,31.8798379096,29.6761873923,34.4367312919,34.8968367074,38.5143028623,36.4343146333,32.0828212703,32.8819975502,35.2103810664,32.1319655832,28.7188475469,35.1270901034,34.969797883,29.458917971,29.4507526536,34.2465435193,30.7596233594,27.1522653969,31.7683333603,25.5398957864,23.99310479,19.8197861024,23.452518028,17.4902906811,22.2582453686,18.6351569573,19.8264572432,21.7538822846,21.1116209165,23.9816359776,22.5965095958,21.3199471024,19.5873766258,15.7283514356,12.0663436895,17.0862391787,14.9662996507,21.0174702295,22.0018353968,26.3407596098,27.5469209929,30.947865017,36.5623951612,35.8509515664,36.5107922196,37.5106160963,37.0175897657,31.6562286695,35.697477056,38.8942002475,36.3343426084,33.3606848877,38.3844774018,38.7169886844,39.4841993263,40.3710023457,38.7361444181,41.7973066908,39.691906014,40.5124758592,40.7609906008,34.964927553,37.8578153561,42.0304984817,41.8336363653,39.6285604963,35.6569195736,36.3197085641,32.7206724624,31.8260814717,27.9260419431,21.835932984,22.8375462319,18.6261407004,16.5959563168,17.6604403704,18.904864303,14.7806746955,12.5963169307,12.5212347531,11.5874441729,7.91899759187,7.71908927005,10.8475924682,7.60433909948,0.0,4.74574690561,7.17579297435,11.4646611974,10.955453423,14.9647766103,17.8898324806,20.8523702474,23.0658990655,26.8627619582,25.5617157127,27.1979401579,32.3047715429,31.4547215957,30.8110010597,26.3265306024,29.4539154882,32.8927887265,27.3901433893,24.6736390978,32.5661985842,30.4426726542,26.2332567978,26.7576329755,33.670979129,33.0417141897,28.0645242054,32.0693440316,37.0066925873,36.5462033615,32.1589773645,32.6237132698,29.5879720461,26.8870739495,20.6256832576,23.186426561,21.3121510189,21.8996263736,15.9920356279,21.5691188719,17.1475141766,16.4955459541,23.9643836811,19.8847985053,19.3521374352,21.8617874665,23.6616039739,23.9966315414,27.1310837911,31.5829604911,28.9374235072,28.8976819555,24.8636188819,21.6308685591,18.8984934533,13.9049177885,13.5082045642,16.7860051747,13.6639505219,10.0369892428,13.6345436348,12.5740421155,5.30995386108,8.70428075962,12.8064867981,8.48896367384,6.01214124994,10.5665233075,12.7198953556,10.9509764989,10.2563991233,14.3659477234,15.4116002005,14.4244737714,14.5698591846,20.6802191695,19.5409475068,18.1612389087,16.5378105739,19.1341261132,17.2892404715,19.2762663454,1AUG ,1
G,G,G,G,G,G,G,G,130.0,G,A,0.605769230769,130,G,A,0.115384615385,G,-0.1462,G,0.8103,GLY,130,1.28566731783,1.45624516867,GLY,130.0,0.647405154784,0.729155434178,0,1AUG,G,130,G,26.299128463,27.2493275404,25.0097287646,28.4196918937,21.2677647209,25.5531965612,20.1524729581,24.1668263563,24.7192374625,26.1967847021,30.6759112175,29.7616726331,30.6258750286,32.6144088446,33.0117198544,28.1000950874,30.7507987245,26.5403115772,25.0601832487,21.1043698662,21.8424329708,25.5069771442,23.2834307814,18.430574092,20.3584253639,24.7968116684,20.0586684332,17.7353367575,25.1365451332,23.7879905441,20.7417982215,21.6546984213,16.413868916,18.4765340628,20.4062340673,19.3986157228,24.3447235931,20.2212540704,25.6403241024,23.447947557,28.8328402445,29.314355359,28.436979504,32.8324320957,29.7968332621,34.7907151295,34.5388825526,38.5373475002,37.329314406,32.6125174981,33.5332769652,36.3325767764,33.5467555696,30.0732423465,36.3059360967,37.0240813662,31.5306398758,31.4653691561,36.5133072713,33.5201188711,30.0542402272,34.6148220174,28.1355661507,27.0060355808,22.3039633075,25.3122221716,19.1194014944,23.2213955131,19.4102030359,19.7886366567,21.0280520366,19.6650828411,22.3941511839,20.3477358451,19.1790943249,16.0972671576,12.3176582887,10.8223951732,15.2411199447,14.1022490379,19.9007508501,20.639511758,25.1170216048,26.9819211025,29.752281184,35.9863268459,34.6622092152,35.9715673847,36.0016278432,35.8903716608,30.10453036,34.3491205297,37.9782410511,36.0692599437,33.4474018491,38.7518951858,38.4493652247,39.3885280667,39.2153278015,38.0504090313,40.5087754627,38.3671719168,39.8992365313,40.0911122094,34.6586261448,37.9063449314,41.9272723147,41.4507998502,39.4128985883,35.4369041049,35.4255008383,31.8818873285,31.8900060277,27.1082563889,21.747384517,23.3784794051,19.5181515286,17.6855453135,17.1832080653,17.4741930752,15.7215057022,13.193428501,11.0143371424,9.78566654829,9.21018941747,7.46135732066,7.46085930533,7.09621951768,4.74574690561,0.0,5.56418303531,7.99357475778,8.18578977633,12.2587259331,15.8686314357,18.8200020102,20.8257183237,24.8548149669,24.2772358655,25.5136792486,30.7934265959,30.5323562736,30.4972760433,25.7660160273,28.6116019563,32.8158316151,27.8775334743,24.4710092504,32.3531152647,30.6164968117,27.1478395911,27.2234103677,34.1524014781,34.2495439443,29.3097008859,32.808081416,37.8960677702,37.9755766906,34.0689638716,34.298919981,31.9067633078,28.9081493143,22.6821313987,24.4113873043,22.3576405751,21.8453395483,16.1836462639,20.514707491,16.7182434714,14.7198365046,22.2221114645,19.3082172778,18.0484476764,21.3454899694,22.7406121679,22.0009954802,25.6539089637,30.0686388654,27.088208217,26.0043607218,22.2580038255,18.5620381085,16.6921325734,11.9908958441,12.8512466483,17.356328893,14.6818336631,9.33389046493,13.5430763738,14.2706498019,7.89731289057,9.53391837858,14.1180824885,12.3801946842,8.85678498541,12.3512788623,15.4244679089,14.6097155916,12.571429943,16.5634383334,18.4796070127,17.5831404141,16.7166459665,22.6840575377,20.8691854365,18.2258869921,16.2818557413,18.3345831407,15.5193258642,16.9048438672,1AUG ,1
I,I,I,I,I,I,I,I,131.0,I,A,0.0152284263959,131,I,A,0.0,I,-0.2775,I,0.6958,ILE,131,1.58228800577,1.65879390779,ILE,131.0,0.910711433721,0.906590782587,0,1AUG,I,131,I,26.7392326273,26.1815106122,24.3457930011,26.0289129828,18.9807723617,22.1097982201,16.4842116182,19.7978400363,19.9363486597,21.0940485145,25.3462328699,24.2857994185,25.1755224261,27.0806607654,27.4552835413,22.5763750578,25.3227985228,21.1348929573,19.5690496016,15.5588125666,16.4712349745,20.5164124611,18.1003903567,13.2998453765,15.6688637431,20.0280047746,15.5953921143,14.125876205,21.4884986019,20.7509224779,18.1646027918,20.2396745046,15.7164220361,18.5441247175,20.5809124979,18.4611927149,22.5262870423,17.6606201316,22.5077283687,19.5333241386,24.6625284154,24.2807367238,23.6424101382,27.7928038912,24.4878898918,29.6523225284,29.6834911767,33.8320049885,32.3059119502,27.8250966394,29.2242679604,31.8579989777,28.9284611603,25.9980797136,32.3224819811,32.9839437203,27.5493806359,28.0731854782,33.251579166,29.7383325124,26.6496485567,31.8937602325,25.3191453303,25.3507104078,20.4146244485,22.2221753434,15.9141602854,19.220708573,14.7039955638,14.8925042829,15.5265771325,14.6605364514,17.2689321197,15.4890741244,15.0368587247,12.7600546514,9.68829671707,6.09619316369,11.3179966817,11.3824197376,16.3360225609,19.5946958067,22.5514762569,23.8870671241,26.4151760541,32.5750102298,30.7977101914,31.6021508095,31.7390136432,31.1411337276,25.2436150768,29.2271764137,32.7230994934,30.8843826455,28.0133250967,33.4847537251,33.1055406498,34.2914039021,34.2165292658,33.3052575679,35.9700188767,34.0973837954,35.506580276,36.347240691,30.696726735,34.3839854286,38.0593602807,38.1046472232,36.1488939374,32.7741110162,32.743917753,29.2507440028,29.1229137728,25.4897424844,19.5024235059,21.141442395,17.3880486076,17.1547427911,15.7274909012,17.9195841694,17.3162132279,12.0015549878,10.3310620562,11.7518476576,11.0813826725,5.61555308296,8.89079497854,11.3538794812,7.17579297435,5.56418303531,0.0,5.04725344428,6.27080614936,10.1265051921,14.4666499757,15.7406344357,19.1829994179,21.4634583537,20.5020072395,21.624775747,26.5671017378,25.560025067,25.5253143609,20.9124910795,24.5829379972,28.3427731198,23.4323294032,20.9312277611,28.9340409684,26.7283589796,23.6422695652,24.3003126874,30.9082468316,30.8411540984,26.6531875986,30.4477151857,34.7785963127,34.9990569983,31.2928224128,32.4407655775,30.0481734383,26.5917889559,21.7053664541,22.2077524817,19.3193065053,17.662486611,12.3025139895,15.951544901,11.3907662897,9.53995977672,17.0219959361,13.928683832,13.380978041,16.3923607216,17.2979285979,17.2740707786,20.9766239075,25.1098772305,22.0466798532,21.9746396974,17.8006676292,14.532633531,12.1002856758,6.89755159739,8.35039310371,12.2662605832,10.8182117524,5.56591048021,8.05420630083,9.81273660204,6.41580298537,5.04452861505,9.66472115131,10.8165591281,7.68074409269,9.79866427377,13.085363369,13.9113237365,12.623955903,15.3677028592,17.6516824035,18.2064414063,17.944905298,22.8946434737,22.0907991229,18.5173359336,18.1291704965,20.2947173956,17.0683561407,17.9246383548,1AUG ,1
P,P,P,P,P,P,P,P,132.0,P,A,0.352201257862,132,P,A,0.0062893081761,P,-0.9142,P,0.1407,PRO,132,1.68697224662,1.75633927702,PRO,132.0,0.796215845719,0.924367794123,0,1AUG,P,132,P,30.7461183033,30.3904783189,27.9613321888,29.7924530838,22.6715313629,25.0072875958,19.7255616969,21.797775942,21.9462161542,21.7162795762,26.2307217956,25.0940031947,24.5481942309,26.5842039659,26.9564787937,22.0845350895,25.8121551722,22.0164538785,20.1550071121,16.0877164115,17.4231792585,22.7687003731,20.0832532409,15.6924699194,18.3711111195,22.7763714901,18.7694628818,18.1878146306,25.252855667,24.8867077726,22.6533813239,25.0338772931,20.6224046214,23.379264273,24.8676177337,22.8471726873,26.815934184,21.8651772756,26.2055869504,22.9484317349,27.4694402681,26.1694654494,25.0973030862,28.8541420601,24.6455711343,29.9166720124,29.0601254496,33.588619765,33.1569417429,28.3572612095,29.8721988574,32.9821245864,30.4888528889,27.5914902929,33.512964775,35.1556398294,29.9031404406,30.3446856904,35.6564040906,32.7926666468,29.9349909487,34.9574771256,28.3091623397,28.758056512,23.500539552,24.5682372089,18.4354569146,20.7127649271,16.3498477474,15.4446405344,15.0769990681,13.1505794564,15.4022135236,12.7314317683,12.5370148758,8.2051913258,5.64022014741,6.55706513097,9.68390757383,11.5932184649,15.4432228151,18.7284925558,21.3700973063,23.3796477455,24.9949440714,31.7559802141,29.2044363649,30.7413894586,29.676775812,29.5259736051,23.1863429708,27.3613085061,31.3452027997,30.346566161,28.0236996685,33.6771136534,32.5283464929,33.8878985539,32.5110464141,32.202848943,34.0994705201,32.2313493937,34.4799980263,35.3050021473,30.1807983645,34.2521865039,37.6469049428,37.420639154,35.7032154533,32.468931518,31.647920363,28.3098727128,29.2264637306,24.8678303755,19.9196404477,22.1736800644,19.0590309517,19.1803634149,16.1248881393,17.4652357106,19.4060045479,14.035424423,10.4787017936,12.1342466062,14.0180988171,8.40731921435,7.98314316729,13.4193878388,11.4646611974,7.99357475778,5.04725344428,0.0,5.13633213293,7.8782533085,13.0583393125,13.6737607759,17.0541772346,19.099887313,19.095585177,19.6043842078,24.5971545231,24.3194599738,25.0751975214,20.3290825349,23.5660074171,28.1261150573,24.0946732045,20.9476860423,28.6380050586,26.9160543057,24.8554444194,25.0199069185,31.3886353493,32.1342637564,28.1716070408,31.318904562,35.6384161978,36.4634001271,33.3779918803,34.3085347288,32.6360808686,28.9543066735,24.352002512,23.9255885754,20.9495194687,18.0022617158,13.5551816013,14.9987651144,11.8138523766,7.98415846776,15.0261409053,14.0809382548,12.8090269836,16.6132653088,16.5870734763,15.1975753274,19.6462258025,23.4596754695,19.8632119458,18.5434888736,14.6814432035,10.6749660151,9.98158321062,5.8233724074,9.70209075747,14.2674193071,13.8116898686,8.02745145295,9.81470625537,13.4629749478,11.3127984968,9.03316324606,12.7393566796,15.7226083406,12.2016961676,13.2521829687,16.9015873001,18.2822220746,16.0704554817,18.502141225,21.382901844,21.9577843187,20.9385478477,25.5135237936,24.22426518,19.5557008269,19.1547591205,20.6777530616,16.6208672135,16.5609799001,1AUG ,1
A,A,A,A,A,A,A,A,133.0,A,A,0.0387596899225,133,A,A,0.0232558139535,A,-0.6311,A,0.3875,ALA,133,1.67603701382,1.78681688317,ALA,133.0,0.996783841425,1.09449626074,0,1AUG,A,133,A,27.1171497066,27.3737887906,24.1251070567,27.0421155165,19.722262352,22.3658820426,17.6462690904,19.7627519488,20.7584013584,20.6795030912,26.0186986669,25.8457847818,24.8881866615,27.3850802587,28.2474698861,23.9388325736,27.7744683348,23.8291017332,20.6269472974,17.5600111971,17.3562999498,22.6717229082,21.2294985181,16.1429941779,17.5994826411,23.4211025312,20.0242892469,17.4604238388,24.2476135954,23.5493350854,21.5165482588,23.5402619602,19.0750002667,21.3870981667,21.7249612315,20.1192148661,24.3865425112,19.9118137959,24.138180073,21.6414662778,25.8762724142,25.7372170435,23.6068442792,27.7854280582,24.1753269372,28.9249585769,27.6085412538,31.7395526495,31.9802768729,26.6096720736,27.3536408719,30.8040895376,28.7279821075,24.9572087004,30.6593062421,32.8201130688,27.5746908975,27.2334587604,32.5131021663,30.8843499523,27.7075476697,31.7771792066,25.1250957705,25.1198660932,19.7331966774,21.1733100951,15.2179556996,17.907265432,14.6944871172,13.9666685593,15.9899271933,13.0109493809,16.0379457923,14.6089073711,11.4614659987,10.5113915672,5.35097061078,5.40519210914,7.5047578592,7.27724448198,12.2495337283,13.9766591498,17.4707286539,19.6510396545,21.8645595853,28.4487665009,26.7411386281,28.5587911147,28.0946320251,28.4287269583,22.8653842044,27.5261033854,31.3538587531,29.610045378,28.0252563674,33.0385337535,32.2807617106,32.8648342623,32.0381425766,30.7426623223,32.7861531231,30.488498615,32.3975780833,32.4234994702,27.3470955332,30.8745413587,34.6904491232,34.0259850561,32.1635553443,28.4246719141,27.8675236526,24.41257596,25.1662242758,20.2937969695,15.4195728901,17.7251691614,14.6752516034,14.390300622,11.2075277158,12.5066245057,14.7877992529,9.46530102999,5.34768062711,7.84573335522,10.3933442677,5.19892742938,4.73709042457,10.8536582243,10.955453423,8.18578977633,6.27080614936,5.13633213293,0.0,4.16450954345,8.52696448332,10.6727824195,13.1824650108,16.6905708753,16.4152521583,17.5017150682,22.9075627312,23.4884985852,23.8314981777,18.9306561255,20.995814832,25.9025103714,21.7687959611,17.5060312767,25.1743896666,23.8585401112,21.4363153309,21.0261303872,27.6897216376,28.6700231758,24.1191005973,26.9849666276,31.86205097,32.6732144654,29.6267087921,29.8946284327,28.5247774684,24.989974664,19.9192390556,19.6186888877,17.1842364083,15.289057109,10.5155787145,13.3016584636,11.6290775047,9.54642574071,17.1385799575,16.7200125151,16.8093590703,20.0098425709,18.9227860697,18.9189454815,23.5574512648,26.8364317515,22.6887468574,22.2416916063,18.0518767424,13.8551281448,14.0073373528,9.18230231627,13.2833131422,16.4049611961,16.4953183722,11.3583700819,11.2246182411,14.3832709028,12.1184165452,8.63877382464,11.5217963104,14.6458406077,10.2258764219,10.3017695097,14.1469703854,15.5746620746,12.2977542305,14.5303084814,17.7930193138,18.240850632,16.6787756308,20.8564709395,19.4238507875,14.4519126041,14.3707128431,15.9204349312,11.9967524313,12.1855439869,1AUG ,1
A,A,A,A,A,A,A,A,134.0,A,A,0.217054263566,134,A,A,0.217054263566,A,-0.1226,A,0.8309,ALA,134,1.68860665722,1.69136064437,ALA,134.0,0.982302044502,0.984838571923,0,1AUG,A,134,A,28.6227291496,28.8196648392,25.0267331676,27.9239613237,20.8069372408,22.5465003659,18.5651052569,19.4537250623,20.76495469,19.6452765251,25.4173772876,25.7374146099,23.5382640951,26.3316278158,27.4769364406,23.6810021751,28.1335888279,24.4896012638,20.4015932914,18.0733311979,17.2918978954,23.3103657376,22.3828379846,17.4947756599,18.5316334535,24.8096676172,22.185486978,19.5699939393,25.7214253731,25.2943914418,23.771974283,26.059478073,21.9883507143,24.192741129,23.7490123177,22.1369950859,26.0355748754,21.7075303557,25.1945910538,22.7676993584,26.1959968067,25.8120840503,22.8972773913,26.8281805227,22.9463213035,27.3644502465,25.1902782424,29.3364104585,30.7116084028,24.944202168,25.4344324141,29.3306916453,27.8314798932,23.8526614779,28.9957216683,32.129118672,27.1680439215,26.5255468888,31.7965122393,31.1813961188,28.1962316888,31.7113056486,25.1701018024,25.6090371869,20.1082914571,20.6987469814,15.3556765741,16.9681378425,14.6074129863,13.1217617623,15.6051289128,11.4602824935,14.4853054956,13.5397104614,8.61945128208,9.56996377242,4.21721291356,6.88649895171,5.2369311894,5.98525504582,9.34380921139,11.0332618707,13.9390264373,16.5989472785,18.2750539587,25.1436379801,23.2192813975,25.6156011781,24.6527629007,25.499464303,20.2138744181,25.1721929707,29.1407665584,27.5823836229,26.8368240253,31.5241994943,30.4420781032,30.7246630818,29.3327922993,27.9333934848,29.5366062592,27.0646283011,29.3371611731,29.0593453488,24.4118948993,28.0097803563,31.7062586788,30.748052016,29.0278943367,25.3533206385,24.3148640894,20.9666678148,22.4358386657,17.1884167743,13.2600135531,16.0354768739,13.8772956256,14.3449054841,9.52602961462,10.837372063,15.6730200661,10.0802348534,5.42565447606,9.13155407727,12.937934831,8.28142274833,6.89286646777,13.8533182496,14.9647766103,12.2587259331,10.1265051921,7.8782533085,4.16450954345,0.0,5.30223214089,6.88216996989,9.27702807088,12.8426972275,13.1105353711,14.0056523636,19.5410454832,21.0634937784,21.7408470117,16.8419675509,17.9116714045,23.459657622,20.1048455128,15.0388121672,22.2420233067,21.4541643021,19.8770028024,18.9194189678,25.2679933838,26.9607086012,22.6364523895,24.8389058366,29.6681104344,30.9756516071,28.5599596327,28.6077974474,27.9859028373,24.3153658576,19.9284604904,18.5147120048,16.1651531296,13.5251909698,10.0596441743,11.1145714767,11.7108806931,9.8005286417,16.4746518631,17.7907430627,18.4289415127,21.4687237842,19.0937281047,19.321167245,24.3180748834,26.8596430625,22.1289299972,21.8150505084,17.6899593627,13.375602014,15.0279232865,11.0025548563,15.985347429,18.3736146504,19.5088958972,14.7422118824,13.1005935735,16.9637623677,15.9662438903,11.5498306467,13.1419779729,17.7589257793,13.3905597278,12.1348755143,15.8295056814,17.9515032367,14.2562438375,15.5018269261,19.1866061803,20.0131779157,18.0356942675,21.1088959942,19.7173273815,13.747016711,14.5468989429,15.5172513118,11.262914122,10.4807730896,1AUG ,1
V,V,V,V,V,V,V,V,135.0,V,A,0.206896551724,135,V,A,0.206896551724,V,-0.589,V,0.4242,VAL,135,1.61978076469,1.72523930395,VAL,135.0,0.928058421997,1.03948251194,0,1AUG,V,135,V,27.1059214306,27.9287569736,23.2256843455,27.1434497981,20.3485221483,21.911968432,19.1160192598,19.4926215478,21.6247794901,20.3698499992,26.6488275424,27.9013990759,25.1164649025,28.240308304,29.8113448921,26.7397933956,31.232238034,27.6840976434,22.628614326,21.3711815352,19.4068231986,25.1247150572,25.3143699543,20.3217747175,20.239175435,27.3081420299,25.3960068403,21.5371734494,26.8793945183,26.2685850266,25.1478615613,27.0730097523,23.314593854,24.9563392693,23.2101509392,22.1332967778,25.940237086,22.3904448228,25.2929337131,23.7381691203,26.4348884395,27.0418672457,23.0566567385,27.0818529814,23.8825352555,27.4436287189,24.5601304063,28.1097512793,30.5819562626,24.338050566,23.8475270149,28.1535867053,27.381391046,22.591367645,27.0045050968,31.007797824,26.3605581621,24.7730293002,29.8109519393,30.8902666395,27.7840303186,29.9596332867,23.733042246,23.8299948374,18.4853586519,19.06011371,14.7870774659,16.1375407722,15.6804224182,14.3159166127,18.5564777762,13.9217854738,17.0625574736,17.2278713234,10.4570858398,14.0823116996,9.21974480162,10.7924957207,7.77267387927,5.72867667607,8.06018711786,5.74777997371,9.98324867487,13.217426843,15.3262553289,21.8580694798,20.9681549465,23.9098716355,23.4220074637,24.9992143829,20.9551569568,26.1561524385,29.8475841593,27.7214142366,27.9956818132,31.7909803532,30.9973815381,30.4108475586,29.3852075223,26.994883253,28.4899110226,25.5570965519,27.5483951427,26.1815531662,21.9780577207,24.8137003517,28.8792043835,27.2427404045,25.4482740357,21.1867746026,20.2223715358,16.8389945561,18.5314086884,12.2050281506,9.50284503624,12.5483640115,11.3944253445,11.68319153,5.84944606689,6.64666256087,13.6217028396,9.17971189182,5.51788373793,9.23195969133,13.4186392872,10.8211935622,9.49837701482,15.193836553,17.8898324806,15.8686314357,14.4666499757,13.0583393125,8.52696448332,5.30223214089,0.0,6.01223708815,5.20565404816,11.3158212872,11.545428361,12.9944300645,18.5425757304,21.3293073603,21.6768406651,17.0554908487,16.1092735734,22.0586487393,19.1813860667,12.6757506501,19.0684347631,19.1714466143,17.6975173515,15.6685095482,21.9783796735,24.2982362816,19.506804421,20.8516578403,26.2917573014,27.8077856706,25.8141903987,24.914333434,25.07438905,21.6634288625,17.277892542,15.4811833159,14.1627817845,12.8341595167,10.4879567631,11.8961334307,14.5577641923,14.0918673666,20.0872910672,21.9043217855,23.2607638515,25.8945138483,22.8134378042,23.8618907237,28.8624630436,30.8885529867,25.85658857,26.1021257098,22.0059152517,17.8845025664,19.9467517235,15.9220747826,20.7523512142,22.2897428669,23.7751082976,19.4518633373,17.0299724448,20.357137573,19.5256829131,14.8963390085,15.3853443437,19.867325393,15.4467212272,13.2078723476,16.35308281,18.4883520589,14.097984814,14.4383192925,18.3149889507,19.0649827098,16.4507932023,18.1905182697,16.6759996651,10.036873458,11.8845507992,12.3149664924,8.59768086565,7.47038222936,1AUG ,1
S,S,S,S,S,S,S,S,136.0,S,A,0.0967741935484,136,S,A,0.0967741935484,S,-1.061,S,0.01255,SER,136,1.74129697892,1.76238346763,SER,136.0,1.00589698285,1.01779415427,0,1AUG,S,136,S,30.3764217112,29.7405184432,25.7145366566,27.56975425,21.3083954071,21.1291436359,18.5914735965,17.2575536428,18.9116484503,16.2179252667,22.3686550638,23.647330345,19.783178712,22.9809969342,24.651597859,22.0529601499,27.019585636,23.9570361564,18.4951607915,17.8595958508,15.8546384147,22.3357132124,22.5113350043,18.2883238756,18.4293944505,25.0230456835,23.9168320266,21.3288235867,26.0027801486,26.1457278894,25.5991564971,28.4307060301,25.3557428706,27.5322625543,26.2469841727,24.2761171551,27.0759096728,23.024294522,24.9941014658,22.6586040704,24.5320391587,23.7390564123,19.705738135,23.044364117,19.0829856347,22.6939491982,19.4015111405,23.4262840048,26.3161745933,20.1513205471,20.3245420532,24.7103132451,24.1033955224,20.129891832,24.2637310476,28.6900845275,24.3741710515,23.541787793,28.6344995041,29.3283528782,26.8843302737,29.7097088405,23.6232662349,25.2124850658,19.911970213,18.611685778,14.8158732117,14.1181314976,13.3937517963,10.938060779,14.3540436076,9.16665475506,11.8869205755,12.8202679745,5.1928948083,11.7722067224,8.96472240901,10.4370799349,5.00285685949,7.06638715312,4.22870464835,9.13364506578,8.19999302615,10.8129301973,11.5543364917,18.6462231147,16.3613061364,19.1581364469,18.0181083344,19.319693811,14.9697594555,20.1966013377,24.0051895237,22.3658434058,22.9486508869,26.8476529205,25.5209195761,25.2118646392,23.5334264406,21.6727398871,23.0119275016,20.3428401549,22.7447395128,22.3337269421,18.0559676062,21.9197332844,25.2842397019,24.2998559424,22.7816392847,19.6782070149,18.1527227734,15.0006683232,17.1701207418,13.0087228147,10.2197503831,13.2499460525,12.8705073978,15.3684244031,9.23587807861,12.3690344559,18.8177523586,12.5049190937,9.99733063835,14.5643714419,17.8518472855,13.335759547,13.5422259424,19.9413096624,20.8523702474,18.8200020102,15.7406344357,13.6737607759,10.6727824195,6.88216996989,6.01223708815,0.0,5.98971176157,6.12192290021,6.5312410046,7.35976346303,12.9760238028,15.644565357,16.5502523463,11.9807430469,11.4431544429,17.6276138971,15.6041672854,9.97615383812,16.2094976055,15.9200999396,15.9606071245,14.6123952891,19.9708683745,22.5015561464,19.1786323843,20.5738386994,24.6418096431,26.6513739946,25.2895933382,25.6345237487,25.9946867122,22.0875778284,19.8329502352,16.2825250986,13.7923866211,9.63441676871,9.59397113273,7.03464948577,11.6571715918,11.4076579008,15.551104677,18.8651396286,20.8698600088,23.0257719607,18.7527843377,20.2965776449,25.265935716,26.4465664273,21.1402227197,22.232161044,18.1440269151,14.7107476517,17.4217617672,14.5526459878,19.7949936537,20.3714658078,23.1385202551,19.5827093346,15.5538955803,19.7665020324,21.0395147555,15.4553839274,14.9164216552,21.5180668872,17.7787500444,14.8020839764,17.7207274012,21.0039263038,17.6630695894,17.0438522021,20.901681531,22.7692858665,20.9608073874,21.9607208656,21.5138282712,14.9427766715,17.6546266778,18.2054391955,14.5939274934,13.0922164946,1AUG ,1
Y,Y,Y,Y,Y,Y,Y,Y,137.0,Y,A,0.490494296578,137,Y,A,0.167300380228,Y,-0.54,Y,0.4669,TYR,137,1.62916780365,1.74864014932,TYR,137.0,0.724637320168,0.901911021314,0,1AUG,Y,137,Y,30.7403022269,31.4510105043,26.4468212148,30.091238175,23.8615142589,24.3517392493,22.4488990081,21.5097231872,23.7659237042,21.3681949332,27.7014073641,29.3892275631,25.2621944314,28.5618395723,30.3729517397,27.9971620145,32.9838902031,29.8944663277,24.2952214143,23.7681118569,21.5323399401,27.6333197172,28.1745244258,23.6435037241,23.355021118,30.389832097,29.1306193855,25.5963501732,30.2582252246,29.9616348023,29.2947268307,31.4476485005,28.0662254572,29.6561708953,27.4485011547,26.3711152662,29.6787650922,26.3339581631,28.4367389107,26.9319136958,28.6950538869,28.8910921793,24.2787046284,27.7203998454,24.3200572593,27.2350007182,23.2145407509,26.5943670566,30.6443940505,24.1806533592,23.3332014177,28.0718729184,28.122649327,23.37063665,26.7011905862,31.8888933795,27.8165148744,25.9592081958,30.7345050212,32.9734329259,30.2306859462,31.7199357674,25.9353765311,26.5629028443,21.4782244363,20.9852288698,17.8764284344,17.7791281235,18.2937768166,16.3060322265,20.3369248672,15.1473568629,17.7115010385,18.3411291369,10.9141578717,15.7271448467,12.1430290818,14.8901357371,10.3286710433,9.87705139037,8.59009825168,5.27843104914,7.08979863539,11.3975418444,12.0626516219,18.8173710193,17.6507255423,21.6487878009,20.2524951035,22.7530798632,19.5168738016,24.7898257237,28.5128724679,26.8035414029,28.2143444912,31.433973762,30.1862871317,29.2047869493,27.3016461256,24.8487035063,25.4830805452,22.3093897923,24.9034015865,22.9230548469,19.7811966598,22.5379205716,26.2719261809,24.0603856402,22.5867296802,18.5152759527,16.5170243619,13.5095337508,16.7603604332,9.78775991976,10.2906516305,13.5143969278,14.0019139824,15.1093541714,8.92315379804,8.95622590701,17.584100744,13.7289077808,10.7150347469,13.918374567,18.4484942164,15.9046183001,14.1138749355,20.1083552105,23.0658990655,20.8257183237,19.1829994179,17.0541772346,13.1824650108,9.27702807088,5.20565404816,5.98971176157,0.0,8.35519062657,9.9541000107,10.7994135972,15.8905066794,20.2272893073,21.0729440186,16.9628656584,14.1842577055,20.8173666068,19.4492680125,12.4058725543,16.9705189137,18.1695127038,18.2429023424,15.4622103834,20.6469404868,24.0563266946,19.9403534521,20.0022612743,25.1248823561,27.3862167704,26.443926823,25.2298255647,26.4713501823,23.1071058004,19.9806649785,16.9325988536,15.9759969777,13.8977874536,13.7059785944,12.6976732596,17.3182547676,16.8691345985,21.3122794348,24.6422218488,26.237041942,28.7281239336,24.6918734419,25.7361316363,30.8572734354,32.0959430108,26.6974732811,26.9344613897,23.2416173631,19.3831104293,22.5689257423,19.4246031472,24.6572087121,25.8197879144,27.9817856086,23.8126991514,20.7480248634,24.5429817229,24.4839232786,19.4983216866,19.385238157,24.7173753668,20.4760896229,17.7711800514,20.5998626756,23.1346449365,18.8298949445,18.4315881144,22.3062724056,23.3293214027,20.5633344605,21.0557447696,19.6771992045,12.8964643023,15.3135077891,14.8798371897,11.6040552597,9.36403755762,1AUG ,1
T,T,T,T,T,T,T,T,138.0,T,A,0.511627906977,138,T,A,0.21511627907,T,-0.5591,T,0.4502,THR,138,1.79910382686,1.77673865791,THR,138.0,0.915427665178,0.949257355639,0,1AUG,T,138,T,34.5678372549,33.4090452555,29.3819737064,30.3541387153,25.009542079,23.3545543508,21.9937592477,18.9585375513,20.5409114369,16.347255273,22.1273244946,23.9923152121,18.3790641359,21.7129939967,23.7163082542,22.3568766237,27.7168071689,25.4425434504,19.4406937185,20.0709005092,17.7119172507,24.2165317359,24.9390424566,21.6532294812,21.4528347571,27.59413046,27.5300777914,25.4855659929,29.0264031644,29.6531237728,29.746733545,32.9084952076,30.4519480038,32.623015737,30.979820617,28.8456057973,30.8510557942,27.0521408571,27.8959689637,25.5806770976,26.1189146068,24.6062987439,20.0040674908,22.2649032049,18.115549939,20.6897050138,15.9463122122,19.8597550837,24.6508277118,18.4899607713,18.5031387893,23.2073195733,23.606855838,20.1572161408,22.827629306,28.4853776809,25.0546825316,24.2310387686,28.8844822409,30.6158349667,28.823754116,31.0630847576,25.6679588304,28.1356265948,23.2844721744,20.5673557969,18.3351601713,15.7718494542,16.2487632295,13.2957889688,16.0505622391,11.0076083661,12.3514361496,14.3673896827,7.54962226385,15.1066486305,14.0920029239,15.8347521751,10.2048205174,12.6537341587,7.09811737891,12.0752238778,7.18983498672,9.30621108403,7.1682765114,14.5058363279,10.9569719047,14.7938666701,12.3441425084,14.595299718,11.5130577563,16.7009281956,20.4024792405,19.3302453231,21.4687695062,24.4933367973,22.5469397843,21.7948940909,19.0038110087,17.1536883542,17.5364666373,14.6913252987,17.9000872194,17.4524789498,14.2904904844,18.5648918016,21.1096158307,20.0358983039,19.0160202002,17.0039290298,14.3855073673,11.9963651993,15.5179115776,12.9187833724,12.5619719187,15.2422023706,16.3965552901,19.7731964954,13.7021342109,16.7265577482,23.9212526497,17.8402601747,15.9586629155,20.3969010278,23.7321294994,19.2962082186,19.4990071493,25.9891713906,26.8627619582,24.8548149669,21.4634583537,19.099887313,16.6905708753,12.8426972275,11.3158212872,6.12192290021,8.35519062657,0.0,4.30069442857,2.92687611466,7.72667123448,12.5357278738,14.2126676104,10.843333066,7.90093264415,14.6825633253,15.0096243374,10.0271608767,13.36502301,13.9901356564,16.351872111,14.7441938011,18.1088543913,21.6257557682,19.7683335609,20.0199564103,22.8856634833,25.7252959054,25.6414466263,26.2311408758,27.5598881598,23.6765240584,23.2568603875,18.3823065709,16.1016936142,11.0858563154,13.8660795613,8.59673848145,15.0948165071,15.313133406,16.6892655324,21.6802975149,24.1801599392,25.7887832981,20.3465702331,22.2771621818,27.0155681796,26.9539844216,21.409379103,23.1367611296,19.6358042313,17.1572814666,20.7179100399,19.076826092,24.2997127726,24.0414000948,27.6755184148,24.7163773864,19.8824207124,24.2713635594,26.6511798975,20.7982563074,19.4476092451,26.8064582821,23.4560230752,20.0032441607,22.4035203061,26.1372044754,23.0853107563,21.6661698284,25.4013693244,27.7267425883,25.9974239853,25.8045179567,25.8093154922,19.2539709902,22.5843778118,22.7122117912,19.468647504,17.495882422,1AUG ,1
A,A,A,A,A,A,A,A,139.0,A,A,0.031007751938,139,A,A,0.031007751938,A,-1.061,A,0.01284,ALA,139,1.8562580328,1.7962158848,ALA,139.0,1.18030813802,1.12529468109,0,1AUG,A,139,A,31.5317774881,29.7709502721,26.0801566887,26.3323867719,21.3635512468,19.2096253325,18.2648044895,14.8323666561,16.62648619,12.6927172833,18.7587708253,21.0975145551,16.2066699058,19.6383138555,21.8259227694,20.6567843851,25.4905403296,23.0502490941,16.6028440695,17.8734372873,14.6628725096,20.6587228032,22.0583819376,18.7882438746,17.9562911416,24.3128880645,24.7307756576,22.2606552031,25.1883588684,25.8952531276,26.2989118587,29.5521266274,27.586625471,29.7373874573,28.0303099919,25.6425165774,27.1484719007,23.5054077655,23.8857040874,21.7250897273,21.9425150226,20.8573557414,15.9392909797,18.5002627875,14.97790664,17.4237468507,13.3374839157,17.0720849446,21.0724928382,14.7280309917,14.6447835297,19.2871948238,19.5070112357,15.8848550323,18.919365644,24.2679347333,20.7568017436,20.0173582832,24.7346534694,26.3386331144,24.5956875149,26.9104099267,21.5703033118,24.4220907172,19.7526406975,16.5145360511,14.7289034652,11.6018239361,12.7118967794,10.0083909049,14.1170638556,9.68224734283,11.4978211139,14.4820449046,7.74430424549,16.4022118584,14.8904187922,14.5253005692,9.45540955854,11.0457212895,4.63918258501,12.0258594395,6.48650142401,6.57207549937,6.31535508958,12.902860841,10.3875472084,12.6418141777,12.5193319709,13.6340336917,11.0990307471,16.0745360979,19.16941237,16.8818740618,18.711037926,21.5310628443,20.3528578475,19.3020716107,18.2657296526,15.4548664284,17.2688874593,14.5267498262,16.2870433479,16.2262901451,11.6842780986,16.0574877718,18.9984153898,18.5875130536,17.1875871916,15.2368001875,13.8599624291,11.0804430525,12.92884477,12.2276145395,10.0243028542,12.2063225662,13.3966011392,17.5682646197,12.1554775261,16.7922735278,22.5534779255,15.8542414724,15.3094940634,20.1887785479,22.3642364774,17.9101240359,19.6922641746,25.376801942,25.5617157127,24.2772358655,20.5020072395,19.095585177,16.4152521583,13.1105353711,11.545428361,6.5312410046,9.9541000107,4.30069442857,0.0,3.02526703428,7.54784054207,10.623765606,11.1750282636,7.56621036111,4.91957500327,11.3667036514,10.8142162353,6.06607379411,10.6315501329,10.2403828183,12.2333134683,11.2339221259,14.901973881,17.7883951651,16.120137114,17.1031300191,19.6666119005,22.1590687438,21.7577929311,22.9760045141,23.9204978597,19.9011359767,20.250958391,14.9945688972,12.3202487713,7.05939348801,10.9285524069,6.02059770562,12.8180114632,14.4839504324,16.1880354891,20.1334063097,23.3822838084,24.4327016781,19.0009601138,22.1403669227,26.5425171249,26.5733266163,21.2922231641,24.2229821096,20.2226014107,18.0770593775,20.5195703455,18.3741310732,23.1114073437,21.9293274812,25.8456145515,23.6265103047,18.0118600434,21.8479668621,24.9496657889,18.8659668899,16.6795908464,24.2642326094,21.4053184674,17.4543081835,19.3431598798,23.3986439522,20.9174597072,18.8522674267,22.379134198,25.2095187098,24.0108708571,23.3710000789,24.1354239385,18.0201438806,21.9402410793,22.5586094882,19.782259211,18.4526290963,1AUG ,1
G,G,G,G,G,G,G,G,140.0,G,A,0.269230769231,140,G,A,0.259615384615,G,-1.056,G,0.01668,GLY,140,1.83663738315,1.7056373352,GLY,140.0,1.07716719498,0.991574014352,0,1AUG,G,140,G,34.4644154682,32.6442808641,29.0569517077,29.0822584516,24.116398391,21.8141822859,20.6599834234,17.0315209358,18.3777370574,13.7788023159,19.3794564355,21.3863204612,15.6160439167,18.9866063632,21.095536147,20.0786426284,25.3279007667,23.2352934468,17.0494824719,18.2130992633,15.6144586583,21.992145343,22.9287758962,20.0620713406,19.7366572761,25.5648216321,25.9658514571,24.2615651388,27.3021952181,28.2007695609,28.5655932274,31.9949510423,29.934566425,32.2429085158,30.7960039856,28.3259219518,29.8439990637,25.9802387837,26.3847722341,23.8759236848,24.0271626316,22.1019610856,17.5486789028,19.5172585977,15.2847783791,17.8075835078,13.1754094604,17.314590612,21.8475757068,15.8110945491,16.21808971,20.7646576339,21.0979969407,18.1158266974,20.7922425203,26.2800175743,22.9920966853,22.5894375047,27.2018320064,28.5523359784,27.0521400678,29.616297057,24.3647395093,27.3861575171,22.6988484066,19.3599830424,17.4428789817,14.1754525201,14.6547129656,11.5852896278,14.1854118349,9.60464131744,10.6243907042,13.4448183999,7.34577556277,15.6249207105,15.0558270526,15.7187331054,10.3587770677,13.0974563769,6.93361289401,13.9090687158,8.36413816778,9.00266962456,6.90203056884,13.6736653865,9.69647575136,12.5854321088,10.7008057861,12.1667177645,9.08614933473,14.2325788529,17.7470552859,16.4463407595,18.5818962632,21.5848871798,19.6783013337,19.0012887115,16.5923615961,14.6832813245,15.6522241876,13.0590821489,15.8717672132,16.2849951521,12.529309314,17.320572231,19.5879679522,19.2320238511,18.2064977086,16.8605025168,14.6979120187,12.4113854839,15.1252478034,14.2318820154,12.9029188644,15.1936675843,16.3267656106,20.3136052355,14.6200358083,18.5980520393,24.9734553923,18.2785319469,17.0515955975,21.8107544682,24.4728466375,19.6491490422,20.8194329041,27.0728055671,27.1979401579,25.5136792486,21.624775747,19.6043842078,17.5017150682,14.0056523636,12.9944300645,7.35976346303,10.7994135972,2.92687611466,3.02526703428,0.0,5.61740549488,9.66382953723,11.3112055083,8.12111256818,5.80655762561,12.2009056731,12.7032111252,8.98794882425,12.3121324982,12.1953381323,14.9542785442,14.0582976588,16.990234675,20.1141417141,18.958911521,19.6334288728,21.7355853285,24.5011811924,24.4418116367,25.7640962305,26.858025126,22.8402205647,23.2396349989,18.014798682,15.2831114572,9.53496327611,13.218990287,7.0428474137,13.8096540237,14.7010444998,15.2449103796,20.2314945912,23.2215556667,24.3578612978,18.5922318609,21.2292512328,25.6724321793,25.3038796587,19.8708193749,22.5319515103,18.9038621618,17.0126988149,20.1117733256,18.7178489223,23.6488221026,22.6923487011,26.7647575784,24.422429157,18.9553986584,23.2380077934,26.4469942051,20.4150761713,18.5350128791,26.3381144794,23.4188552593,19.7330619234,21.8400557383,25.8953132874,23.3776958497,21.603229981,25.17563405,27.9263626391,26.6348808868,26.2601547698,26.7857403222,20.4687335077,24.0841770192,24.5165950976,21.392444122,19.7046479535,1AUG ,1
T,T,T,T,T,T,T,T,141.0,T,A,0.232558139535,141,T,A,0.0755813953488,T,-1.039,T,0.03175,THR,141,1.6057493933,1.7033326305,THR,141.0,0.856656030124,1.04573124319,0,1AUG,T,141,T,38.2995092303,35.7694476098,32.5641853132,31.4021341012,27.4426779138,23.9237623839,23.696753236,18.8950615105,19.8590889727,14.3412559999,18.7319455922,21.1849715601,14.1814677236,17.3655380362,19.7242743405,20.1876819975,25.320146441,24.1203890225,17.9242571852,20.2599946069,17.5655414949,23.2910172221,24.6818537348,22.9010953809,22.3351412226,27.275039475,28.6574347536,27.6028026953,29.4966783106,30.8673112719,31.7890141046,35.5057380249,34.0836727516,36.4381238603,34.9478559722,32.232597131,32.9391706979,29.2982524441,28.7068478606,26.179443079,25.1263705181,22.4078606274,17.8618504051,18.3936562981,14.317002211,15.4267368017,9.565915352,13.5468475691,19.6321356441,14.2808969239,14.9333229241,19.1956867234,20.3638831609,18.5406537937,19.7111557202,25.7740521781,23.5123055724,23.5009348811,27.4838581689,29.2348249476,28.5086158641,30.8115778572,26.3844836872,30.223375197,26.099170028,21.7134795854,21.0389368947,16.6075690329,17.7130616657,14.735570689,16.3471552664,13.0086179177,12.6949028831,16.1993930926,12.083011002,19.8555777358,20.2305230496,20.5821743796,15.5532414725,18.3701672407,12.0147542363,18.7830983233,12.1304352857,11.3553752664,7.54855934667,11.8575095983,5.9994268394,8.56143388843,5.22095662002,6.9549549744,6.74129098397,10.7686707108,13.6304493681,12.9100058106,16.6464341193,18.5132591445,16.0105512879,14.9550822509,11.5731019969,9.72876077577,10.0369891036,7.64667287639,11.1234508836,12.7679216586,10.1556875259,15.46180203,16.2836175325,16.7029344949,16.3031100775,16.8351727926,14.3726349961,13.2848759448,15.979547424,17.4568567805,17.0042352148,18.6772649849,20.4581693685,24.9548750205,19.658478064,23.8402738875,30.0813716087,23.3158801631,22.5741336254,27.3919809808,29.7695930741,24.8409884243,26.3900256741,32.5822230938,32.3047715429,30.7934265959,26.5671017378,24.5971545231,22.9075627312,19.5410454832,18.5425757304,12.9760238028,15.8905066794,7.72667123448,7.54784054207,5.61740549488,0.0,7.0312114247,9.41685030129,8.87719391112,5.7764258762,9.95907034184,13.1225660764,11.8700909378,11.9445372767,11.9898016375,16.5818110485,16.168136927,16.7745149266,20.0851306329,20.7293001496,20.8445520226,21.1508354201,24.3788001196,25.3469752279,27.3424518718,28.8783202513,24.9835708166,26.989395212,21.1167972959,18.4766306335,12.7527368212,17.6241083451,11.0307721293,17.4138522191,18.7513322748,17.1402922694,22.7648722846,26.1827124087,26.6150109737,20.227749342,23.3910139063,27.2116404221,25.703130947,20.5456248667,24.1703865208,21.1253305059,20.3378528943,23.4393541231,22.9206881493,27.4828686662,25.6871582049,30.3757600409,28.772207371,22.773608375,26.9027958499,31.0740660938,24.9687042929,22.5250139346,30.6812830836,28.2453045212,24.3321447763,25.9703613781,30.3147149029,28.2734202729,25.9937246823,29.3060965206,32.4730699677,31.4803204141,30.4114034121,31.444703784,25.3814347466,29.3340113686,29.713891079,26.8179408089,25.0689176804,1AUG ,1
F,F,F,F,F,F,F,F,142.0,F,A,0.05,142,F,A,0.05,F,-0.3508,F,0.6319,PHE,142,1.546916879,1.65411547843,PHE,142.0,1.01667614068,1.09817154155,0,1AUG,F,142,F,37.8024628829,33.9970509647,32.0309626318,28.8984161531,25.5997738881,21.2762799317,20.879307325,15.5524557269,15.3422164126,9.30072698616,12.2253654343,14.4952746245,7.30611227453,10.5016229584,13.0256865423,14.1871883597,18.7857026017,18.0514113118,12.0914511662,15.4361759779,12.8635224968,17.836662454,19.2265798223,18.7262506994,18.3213480185,21.8158018582,23.9973608464,24.1934454794,25.2275752124,27.1780165528,28.4375882841,32.6482130676,31.9213471919,34.6130588792,33.9809295462,30.6013401825,30.4718291599,26.553682506,25.4188400766,22.2151584658,20.776543435,16.5541802527,13.1849976906,12.7440423111,7.78820259123,9.65320980085,5.93586165635,11.1600048571,14.2840049756,10.0839294731,12.8852936691,15.8219005603,15.9115335256,15.9608100514,17.957054206,22.2793650034,20.0647352767,21.5534354278,25.4928265912,25.1272310411,25.040398343,28.7458573444,24.4842426057,29.1620475038,25.3695205064,20.4318892553,19.7508435971,14.8320108154,14.8474176843,12.1732630811,12.1704665717,11.2168353992,9.94666654669,14.355477159,12.9756263306,20.1950373257,21.2308463869,19.7421952845,16.0897772912,19.2890858107,13.6847996405,22.5953238981,16.6220884172,14.7214531204,12.9564549824,15.8532632725,11.2352787928,9.34750753115,9.40720064375,6.09147497743,4.38784509751,6.54021305206,8.7222211517,7.21455974724,9.68752272058,12.6093715071,10.0862610625,10.4513745202,9.06860632265,8.37853836639,11.4343509419,11.0141341475,12.0838973794,16.2590349813,12.0120273551,17.619446449,18.0001529085,20.2468101117,19.6115284321,20.7658892808,19.7120110138,18.3168682338,18.9600746171,21.9723320569,19.2027497935,20.2748343392,21.1737007747,26.1609546893,21.7439961716,27.0930747058,31.6300076473,23.9246236748,24.0115619782,29.0995924301,30.2280623521,24.6171683551,27.7144892917,33.3490797063,31.4547215957,30.5323562736,25.560025067,24.3194599738,23.4884985852,21.0634937784,21.3293073603,15.644565357,20.2272893073,12.5357278738,10.623765606,9.66382953723,7.0312114247,0.0,4.09825866155,5.66225899768,8.61833974409,8.52562584981,10.5939920753,13.2262534103,14.7435191896,12.3959648042,16.1446935087,17.6271389695,18.2810451433,19.6962254338,21.3184202634,22.9655261339,22.1762048118,24.5625589698,24.8169087502,28.404615234,28.7921183286,24.712020183,27.5078610461,21.8765988465,18.3106627814,11.9891941109,16.8854594644,10.4028385421,14.7446475213,17.0329559436,13.8111628247,18.5552840263,22.7241219824,22.0789491666,15.5596930422,20.1130512279,22.9609361655,21.0569486391,16.630827139,22.1848283509,18.9472665921,19.4081986956,21.030491993,21.0935376371,24.6097473032,21.532748223,26.8222113701,26.5823480586,19.906789021,23.5399538722,29.1275293064,23.1886120097,20.1456901698,28.5685197611,27.1238077694,23.3029058627,24.43483816,29.0737498748,28.2180219628,25.7794827314,28.6136785661,32.3461375979,32.2585703043,31.5511181764,33.2791255828,27.75346427,31.7107284956,32.7319448505,29.8073228782,28.5928565071,1AUG ,1
V,V,V,V,V,V,V,V,143.0,V,A,0.0,143,V,A,0.0,V,-0.9943,V,0.07079,VAL,143,1.60556399283,1.65740475085,VAL,143.0,1.15312410738,1.18910817374,0,1AUG,V,143,V,35.0585501584,30.8097789987,29.1792772093,25.3816538763,22.7581757463,17.8511847704,18.2079926367,12.378505229,12.3249804945,6.54959206973,9.65840877217,13.073412858,7.69078216495,10.7785081895,13.5027459933,14.8584971133,18.4490765419,17.4400225188,10.9809104995,15.1752960799,11.5235950737,15.3219864488,17.8060810598,17.342495932,16.0610397403,19.7136590578,22.5033107482,22.0548108072,22.1866873758,24.202457158,25.8434035994,30.0014619994,29.8100878002,32.3441475326,31.5366026791,28.0755060717,27.3901974294,23.8549381449,22.0805475695,19.2285309721,17.1273473437,13.5152151372,9.48149838578,9.07400552836,5.49261494348,6.52383330396,4.34192835426,8.95435529296,10.8407604,6.04139099103,9.21715114608,11.8827705784,11.8559929267,12.0951155341,14.2170479619,18.1845116747,16.0749965552,17.7446716289,21.5455376653,21.2006774678,21.279877834,24.8739195177,20.9407333372,25.9523371215,22.6097037145,17.2427206319,17.4055769081,12.049008831,12.936880484,10.9914593215,12.5341895479,12.2794609823,11.819239036,16.4503452656,14.5247378368,22.1998102974,22.4635642741,19.7244292011,16.679033432,18.8749169395,13.6465522511,22.5150374567,16.6477754247,13.8097829741,13.3063944141,15.0567999724,12.0750376736,8.56979711613,11.7397103106,8.30883981066,8.42152742627,9.88453604714,10.5157915006,6.18348942536,8.28576609697,10.4034599792,9.70653418971,9.04547879787,11.3090091158,8.58909453562,13.298791912,12.7053179126,11.757676809,15.8145499847,10.501809151,15.6960299528,16.4519333298,19.2227609736,18.2489235137,19.4287809642,19.4092269777,17.8740703791,17.1759053169,21.4345049764,17.9432485314,18.3924092334,19.3379454597,24.5986015362,20.990389231,26.962699764,30.4717291081,22.8059821259,23.8525301897,28.9962423818,29.321588676,24.0959903376,28.0830236665,32.957751151,30.8110010597,30.4972760433,25.5253143609,25.0751975214,23.8314981777,21.7408470117,21.6768406651,16.5502523463,21.0729440186,14.2126676104,11.1750282636,11.3112055083,9.41685030129,4.09825866155,0.0,4.91992737568,8.41751481516,5.81818826376,7.1331191054,11.7381926495,13.1619847858,9.80439169565,13.141207535,15.3813774991,15.739894022,16.2749437043,18.4102854391,20.5610751669,19.2877546822,21.23701849,21.2769708609,25.4221072885,25.5046711433,21.5048792544,25.1066003505,19.4388761368,15.8920265971,10.4118677622,15.6944953954,10.6566801773,14.4040355179,17.8347103643,15.675379875,18.879999649,23.5778063371,22.5245889843,16.4405803068,21.8923968189,24.4714795197,22.9607573662,18.9544674857,24.9758701078,21.3291296627,21.6131849429,22.3847769294,21.7388333881,24.7775650698,20.976385496,26.2944062046,26.6228515064,19.5760292476,22.4218537741,28.3682509629,22.4532885197,18.7693083499,26.9472892482,25.9620003468,21.8577241184,22.3889006352,27.1066869594,26.7351450709,23.8067312367,26.2868673869,30.3184547202,30.6289894132,29.4489141441,31.7252660024,26.7585109061,31.0198416449,32.2861120017,29.8191235216,29.0027253923,1AUG ,1
C,C,C,C,C,C,C,C,144.0,C,A,0.107784431138,144,C,A,0.107784431138,C,-1.055,C,0.01819,CYS,144,1.66216567281,1.75335618388,CYS,144.0,1.14941773957,1.25718846557,1,1AUG,C,144,C,32.3376242669,28.7916407805,26.6825947735,24.1283476863,20.2002961873,16.4918864466,15.6032705496,10.760026824,11.1616324313,5.78575919285,11.3125939029,13.7558175118,9.18308196485,12.5720228852,14.8845110679,14.3624037988,18.6170563142,16.6037863659,9.84505495107,12.6599955173,8.97691901349,14.505340174,16.2155850026,14.4467676068,13.6004878011,18.5044795625,20.1296578476,19.1834003809,20.8282219794,22.3900585083,23.3994557018,27.4240582894,26.4767372911,29.0849618138,28.3748671209,25.0576358094,25.2828548162,21.2802384517,20.6656016604,17.5848686402,17.0145565354,14.1081290882,9.99006811387,11.7516099345,7.44325239837,10.8050975376,8.80741229507,13.3048852697,14.7327775424,9.20607843393,11.407602187,14.8054811504,13.9982797449,12.5091579065,16.2546580378,20.020304233,16.6678240455,17.7935397727,22.39398797,21.7737740254,20.9148732182,24.8416432353,19.8518783059,24.1035612775,19.9967365837,15.5247081256,14.1655153248,9.59796034724,9.46842606861,6.79490821818,9.39024039541,7.8595410193,8.41379494231,12.8624762554,9.93132211032,17.8452357244,17.6463716392,14.9881674472,11.7657895509,14.1679625414,9.1317148081,18.5406264667,13.5381321201,11.5474552597,11.7679638839,15.6844212769,12.71297741,11.3434970149,13.0491644655,11.0913121542,8.19300907322,11.7329493985,13.9869429058,10.8887925514,11.3158003024,14.9050974558,14.0726268738,13.9552259035,14.6680985105,12.4894142772,16.1354030616,14.7509551001,15.0613141716,17.7001503167,12.0037777252,17.1434973571,19.0709047711,20.7317745672,19.4130449528,19.1232128488,18.8583125911,16.5775254605,16.3430760928,18.6850092109,14.4781052665,15.485167285,15.8105189415,20.7798500462,16.7643399663,22.6183675545,26.2834618295,18.4585007856,19.0801221274,24.2186563835,24.8190368641,19.4228052447,23.1755596198,28.2279217777,26.3265306024,25.7660160273,20.9124910795,20.3290825349,18.9306561255,16.8419675509,17.0554908487,11.9807430469,16.9628656584,10.843333066,7.56621036111,8.12111256818,8.87719391112,5.66225899768,4.91992737568,0.0,7.05315700648,8.41240976188,6.86899696713,8.82483949203,13.053032522,9.96072099305,11.8592943637,13.5952140733,16.1012507965,16.9855760861,17.244520252,19.7560145796,20.2516786495,22.0595272743,21.2575592076,24.6140926441,24.4277134371,20.1906252378,22.2124361904,16.9716120208,13.0739614891,6.48811697147,11.3142249181,5.74325615845,10.1733396555,13.4340655098,12.8113715529,15.9568564419,20.3311106347,20.0321034754,14.1631168295,19.0967169922,22.4297094195,21.8793876192,17.3231681225,22.4315416203,18.316495466,17.7853449229,18.6726940317,17.4195668682,20.946540011,17.9356802782,22.8841357363,22.4500211208,15.6157662975,18.9530203557,24.205275929,18.1478794184,14.8704192056,23.21244351,21.7062039431,17.7248455087,18.82246382,23.4485562613,22.6102816762,20.1482698322,22.9974211236,26.7031269889,26.7149677229,26.2407264055,28.0191493312,22.7367502471,26.6831445609,27.9818754304,25.2635314352,24.474610633,1AUG ,1
N,N,N,N,N,N,N,N,145.0,N,A,0.00512820512821,145,N,A,0.00512820512821,N,-1.061,N,0.01278,ASN,145,1.68969303732,1.83136232417,ASN,145.0,1.08952306707,1.28766345239,0,1AUG,N,145,N,32.9204688571,30.4271230053,27.0807454093,26.1651213883,22.4178005181,18.9004926576,19.3155032022,14.5714679645,16.3653005127,11.8427162163,17.2461352258,20.4582362509,15.0874178015,18.4810645409,21.0189527953,21.1029267709,25.5328798311,23.6549484932,16.8542480852,19.4643577447,15.6235661966,20.6502037236,22.9758878557,20.5320943902,19.0168679414,24.8740847934,26.3713398877,23.9911929865,25.5086442058,26.5818267934,27.6574938656,31.0666275345,29.9038986417,31.9547708147,29.974231959,27.4091837735,27.9586393203,24.7965897256,23.9753829746,22.1234593764,20.9649887821,19.8091316124,14.3521202162,15.9721948977,13.3209117624,14.2106018674,9.33045922394,12.4328788712,17.6746283924,11.3677810597,10.8242729254,15.6167631398,16.7691617093,13.6660684986,15.2724599297,21.4390182225,18.8555525884,18.1805760087,22.3213582642,24.7800572693,23.6849033892,25.4051396289,20.9515039095,24.6416099938,20.7124741087,16.2342332833,16.2294466174,11.6859446777,14.1834176806,11.8528562699,15.9307408749,12.6560452051,13.6666051844,17.5119018296,11.9901504065,20.7133451256,19.6474929726,18.5115861278,13.9327984166,15.1160205307,8.87971542336,15.5368672169,8.73655836139,6.3220577161,4.99525449204,9.14668563308,6.76220613501,7.82069043793,9.60266807711,10.3450591828,10.5045631306,14.5314875312,16.5951014758,13.5459060618,16.6614048468,18.1414139342,17.2686225648,15.3120696404,15.2611432265,11.1996651892,13.6886849734,10.9473187757,11.5755449058,11.9039738278,6.94963093599,11.8953032808,14.3142339035,14.6157601626,13.3597323976,12.8382762483,11.8793739868,9.89180305831,10.9536759772,13.5730109142,12.1163525241,13.2845720891,15.405314004,20.2105109777,15.6301549423,20.6924984747,25.8632460866,19.2676123643,19.6689834291,24.5868239406,26.146406449,21.8997521069,24.3826590283,29.6224458072,29.4539154882,28.6116019563,24.5829379972,23.5660074171,20.995814832,17.9116714045,16.1092735734,11.4431544429,14.1842577055,7.90093264415,4.91957500327,5.80655762561,5.7764258762,8.61833974409,8.41751481516,7.05315700648,0.0,6.92560319005,8.64776033122,6.46862944472,7.2331033962,6.7222303094,10.9352305992,10.4445712594,11.7361844724,14.8458567867,14.9667591479,15.4702386485,16.3446886022,19.2318887934,19.7772722685,21.7044619103,23.1094439886,19.229194925,21.5637122997,15.4964206651,13.082468989,8.4176805819,13.8609732284,9.11612321542,15.5577001526,18.1237598196,18.4555230168,22.4249924716,26.3124287207,26.6292064509,20.7472857229,24.7872882689,28.6558783517,27.9340859671,22.9243483044,26.9428194145,23.1316470836,21.7654392367,23.9122810347,22.1526393015,26.4407876939,24.2384664624,28.696526862,27.3095097629,21.0375667483,24.4095838437,28.4463000328,22.2853398522,19.2899199205,27.0403211404,24.7791473272,20.4482976747,21.599653925,25.9302516733,24.0375480275,21.2026263599,24.3303840084,27.6609906619,26.8702495132,25.1926605115,26.7138585076,21.1393773329,25.5821587714,26.2313956461,23.9708253532,22.7759525674,1AUG ,1
H,H,H,H,H,H,H,H,146.0,H,A,0.0133928571429,146,H,A,0.0133928571429,H,-0.7836,H,0.2545,HIS,146,1.54213713001,1.72452588723,HIS,146.0,1.1115222956,1.25336181318,0,1AUG,H,146,H,33.7595265932,29.8782552201,27.6569098378,24.4640494574,22.5692324847,17.3412606606,19.258272393,13.263035661,14.5444550348,10.1815153446,13.6722374237,17.9409195867,13.4082134552,16.2729715207,19.0492783167,20.6003216321,23.8147093789,22.614493271,15.9422201526,20.0848860081,15.6946600985,18.6339422333,22.1367481528,20.9966490943,18.7041012274,23.3213820653,26.2543059612,24.2693545058,23.7417106398,25.3866709809,27.3342686491,30.9867346526,31.0391917661,33.0610897729,31.2244832322,28.2293399226,27.3274035811,24.7218443588,22.3225459414,20.7254199657,17.7752159387,16.4157146813,10.9175799685,10.8916994268,10.4321351163,8.70097577967,4.81152525113,6.13960877794,11.3922009196,5.60898623243,5.17055478406,9.33978428792,11.4012723137,10.1189112301,10.0372386788,16.1516367305,14.9059475218,15.1535313904,18.3652523985,20.7505041012,20.7577502233,22.4028323111,19.269046763,24.1865445516,21.419837893,15.6401296545,17.5320148745,11.8868278491,15.1721308946,13.7714863638,17.4344635918,16.1867092358,16.5416715463,21.05313254,17.2678845126,25.7624653672,25.0616076669,22.4037203956,18.928618709,19.7902377458,14.3043538505,21.3798015706,14.8871316127,11.0673943958,10.879214977,10.1525971869,9.41087981278,4.87312824812,11.3360313225,9.51123403156,12.4326117242,14.2209726145,14.1807681547,9.11173957746,12.9785862315,12.4055320517,12.9368457455,9.78131078637,13.46183132,7.84812917209,12.8363461443,11.3635845976,8.47903671962,11.1240702849,5.20361848807,9.94226863301,11.0746745017,13.8495218245,12.7063641022,14.3883530022,15.0897581165,14.0236575745,12.5368801627,18.5842410546,16.2871067743,16.1587151407,18.2914596969,23.6288111285,20.429535504,26.3188767197,29.8898178734,23.0825379197,24.7127801167,29.7355618314,30.0574261696,25.8301053676,29.6645753635,34.111127487,32.8927887265,32.8158316151,28.3427731198,28.1261150573,25.9025103714,23.459657622,22.0586487393,17.6276138971,20.8173666068,14.6825633253,11.3667036514,12.2009056731,9.95907034184,8.52562584981,5.81818826376,8.41240976188,6.92560319005,0.0,6.36954439308,10.1676362593,8.32946546049,5.34983584938,10.4787799897,12.0661499655,10.4542680014,11.7289338917,14.7848056081,15.9096621635,13.836029124,16.3079662288,17.4198180973,21.1720811827,22.2018112869,18.5776050661,23.2932076779,17.053144514,14.5949509039,11.0917222785,16.9811029038,13.2141189761,17.9901325875,21.714779811,20.8591731419,23.842567904,28.5236993025,27.7259696609,21.8635924811,27.1867691674,30.0777457265,28.7415280981,24.5508097717,30.1005272448,26.3465177839,25.9648926049,27.0734268219,25.6314734491,28.9459597457,25.2978160412,30.280624667,30.2841144138,23.3192859566,25.7530951622,31.101501732,25.0942574248,21.161893725,28.8055353004,27.6320908958,23.0900210976,23.2171899703,27.7914069775,27.0983833284,23.5411487939,25.9009214811,29.9184525096,30.0271208952,27.6205788243,30.2115850736,25.6049437547,30.3820450047,31.4207226243,29.6278794864,28.8740762315,1AUG ,1
L,L,L,L,L,L,L,L,147.0,L,A,0.0,147,L,A,0.0,L,-0.4878,L,0.5125,LEU,147,1.61138018491,1.71321743221,LEU,147.0,1.21044521935,1.29580091176,0,1AUG,L,147,L,28.2704803749,24.1253615601,22.2816876341,18.8576667083,16.4336617865,11.3950719784,12.8902446929,6.97031141812,8.83953487354,6.19256945593,11.2299520786,15.2884204392,13.2336053942,16.0906310037,18.5527670375,18.7410668513,21.3829077816,19.2143452356,12.4704330834,16.1651811521,11.1410739282,13.5992246357,17.4426324771,15.5991270994,12.745990588,18.1817639755,20.7839797139,18.0411477753,17.7462099159,19.1821631168,20.9989023655,24.6415298351,24.7295669999,26.7958078179,25.2799166216,22.0569356945,21.2081417288,18.3676994114,16.2872575662,14.5808272671,12.4344899153,12.2364283704,6.14616343549,8.96749105946,9.05220555424,9.74576142464,9.50481867275,11.4684579896,11.7465286236,5.53664938552,5.85068566004,9.25807375193,8.77254450884,5.75372765413,9.91726745001,13.6930230732,10.4871860792,11.1074413599,15.5474767603,16.2282066596,15.4485903302,18.3198269932,14.0290715369,18.9211159925,15.8447146671,10.1939853999,11.5386974174,5.80192663032,9.39038729831,8.97464399964,14.1735060862,13.518441726,14.8315321536,19.0789209501,15.3271114342,23.4188072715,21.9801326388,17.844907318,15.6036777356,15.5926405919,11.5884523818,19.2014279997,14.3697228899,10.6525569818,12.9265655482,14.1405100479,14.15064128,11.1073348573,16.301215018,14.3627946058,14.3363849522,16.8912158427,17.5346312499,12.2147258282,12.9356200682,14.217946513,15.6983040247,13.8822449052,18.0715353202,13.6572486597,18.6162301688,17.0287383783,14.845777831,16.624233226,10.0383123264,13.5811145594,16.267213618,18.3936569604,16.5669234035,16.2846677998,17.8688867999,15.6609901837,12.9146810596,17.8473912248,13.0903344853,12.5785977287,13.5416162114,18.9625487514,16.699401512,23.2863080791,25.2557943741,18.1137361048,20.5798348559,25.5455767389,24.8688845384,20.7652275583,25.6293417986,29.2055226468,27.3901433893,27.8775334743,23.4323294032,24.0946732045,21.7687959611,20.1048455128,19.1813860667,15.6041672854,19.4492680125,15.0096243374,10.8142162353,12.7032111252,13.1225660764,10.5939920753,7.1331191054,6.86899696713,8.64776033122,6.36954439308,0.0,7.55712088244,10.4095799229,5.80404365244,6.3080952539,9.61235077512,11.2636460952,10.5674362889,11.7554003728,14.9999340206,14.6711264196,15.7321646409,14.6839953037,18.8843207474,18.469393626,14.4176610248,18.4495067674,12.8555368017,9.49020816237,6.61534993176,11.8353128406,10.3719947469,13.4860502853,18.0541495776,18.842506341,20.0004917991,24.8188220068,24.0171764112,19.0477742949,24.7417771417,27.6298797288,27.3595863064,23.3918911835,28.8891547386,24.5533414047,23.7925407831,23.8117396565,21.5238770377,24.2792957875,20.4115837541,25.0374749616,25.3524684163,18.4001548634,20.0995775219,25.4444285202,19.6456750771,15.3685040479,22.6642174556,21.8790683431,17.3310797885,17.0929577039,21.7091187166,21.5623134952,17.9486789279,20.0738488279,24.2864432754,24.8822558918,23.0147322369,25.872008886,21.7742827738,26.3787591609,27.9279556186,26.2858831214,26.1267582982,1AUG ,1
F,F,F,F,F,F,F,F,148.0,F,A,0.0,148,F,A,0.0,F,-0.7084,F,0.3201,PHE,148,1.7403465652,1.80082305164,PHE,148.0,1.22438868317,1.34052302696,0,1AUG,F,148,F,26.5245241012,24.4843737691,20.7758732604,20.9314936195,16.5857658448,14.1366234469,14.437332045,11.0300367082,13.8535077559,11.6348683426,17.8625641684,21.0220940978,17.8761171589,21.187758096,23.5209095853,22.5620581525,26.3257778649,23.5416657101,16.835446088,18.7411165764,14.3574474587,18.7123274299,21.3925697757,17.8350262822,15.6286312717,22.6257081621,23.5337538353,19.564363004,21.4891855658,21.915765607,22.7225091911,25.6187422614,24.3027405927,26.0363529181,23.6626054099,21.3657365077,22.3309216191,19.4758284707,19.206003804,18.0598568467,17.8258131253,18.6855379343,13.029429412,16.4523910619,14.9775247907,16.6008027365,13.856260687,16.2744625143,19.1326902837,12.6305043853,11.2641548551,15.8104568849,16.0165821898,11.1067365748,14.5383171307,19.594382559,15.9332066699,14.3784780718,19.1366039585,21.6039121503,19.5682433172,21.0652006022,15.8619785624,18.7282157388,14.4776649786,10.8141309868,10.4546405086,7.06616430964,10.6503859527,9.45941379756,15.8577335448,12.677884276,15.0779706893,18.406001653,12.0524620705,20.4248415931,17.7998127436,15.2215585977,11.7102175104,10.5772056541,6.08655405344,11.7794136933,7.1571541909,4.21071872433,8.24112117065,12.0741938928,12.5787135808,13.0147203713,16.0598751468,16.4253826907,15.3504654429,19.6045137449,21.6533894048,17.6442127032,19.1094586557,21.0375552994,21.3681619252,19.4910602349,21.1158134381,16.7929378364,20.0371351382,17.2999567252,16.9046538847,16.2121671769,10.4985131181,13.4944478448,17.5070473109,17.3388918275,15.2779493089,12.6354620798,13.4286969158,10.2727357223,9.0476604303,10.6851692413,6.3105536117,7.1236496546,8.9864266483,13.9710458842,10.2866801291,16.3183045816,19.9594978557,13.5431843483,15.1629693312,19.971224238,20.6228975206,17.2540902436,20.5793858926,24.6383337255,24.6736390978,24.4710092504,20.9312277611,20.9476860423,17.5060312767,15.0388121672,12.6757506501,9.97615383812,12.4058725543,10.0271608767,6.06607379411,8.98794882425,11.8700909378,13.2262534103,11.7381926495,8.82483949203,6.46862944472,10.1676362593,7.55712088244,0.0,8.03445917651,6.58642776809,6.41316827475,5.52710466514,10.5416919069,12.5344983665,10.1579611713,12.0648664284,15.0561191405,16.8559421592,15.8487459716,17.2386431664,17.8874446839,13.8540085029,15.1545080438,9.33034626517,6.86217676526,4.64069211989,9.1068377708,8.3523861424,13.4445692365,16.7388537584,19.5753474928,21.5997514173,25.4412784427,25.98682669,21.1808542767,25.3864163528,29.3836390381,29.7938253749,24.9829235334,28.6959985286,24.2805999856,22.1557321026,23.3192877065,20.1878431392,24.1140537972,22.0841363114,25.795625626,24.3042100889,18.3792071579,20.8834429056,24.1272652723,18.1846535554,15.0530592246,21.8910104363,19.6079587852,15.0505370122,15.9007648927,20.0053924507,18.0578762871,14.9108875558,18.0101181548,21.2938586248,20.6114162403,18.8432788468,20.6241045022,15.5292814615,20.2261560308,21.292167608,19.6184270017,19.1849227067,1AUG ,1
Y,Y,Y,Y,Y,Y,Y,Y,149.0,Y,A,0.0,149,Y,A,0.0,Y,-1.017,Y,0.05076,TYR,149,1.57895493229,1.73532090228,TYR,149.0,1.07053460959,1.25939566788,0,1AUG,Y,149,Y,31.0408604566,28.8934086983,25.0874661799,24.7494861857,22.3102358699,18.5497941202,20.8495761426,16.2795244999,18.9956292873,15.9947665238,20.9580199116,25.0607129459,20.7496822491,23.9347495038,26.6325553503,27.2124397711,30.8730501344,28.9186759804,21.9915835513,25.0733207035,20.4869690147,23.942184644,27.4452820734,24.8048635931,22.1594745745,28.4106885449,30.3678748537,26.5486826813,26.8908798972,27.5978170115,29.1168768786,31.8619812701,31.2867652974,32.6459940284,29.5107565017,27.5432268362,27.5672729556,25.7379542005,24.0358657383,23.6881467991,21.5621873175,22.5470455055,16.3553693155,18.0387849844,17.8328416086,16.8759617909,12.6194448445,12.7916289928,18.8230587459,12.8679782254,9.52989239292,14.3648566057,16.9165764331,12.6689512477,11.897499446,19.3758790356,17.8226535868,15.4903261058,18.5847215941,23.9442247402,22.8408113266,22.1663810559,19.0017061212,22.348355332,19.552838936,14.9214433805,17.2902085551,13.0334408574,17.7309173467,16.5444190715,22.0466581771,19.105767052,20.5693839522,24.404855428,18.2744881718,26.980528698,24.8999960438,23.1526086287,19.0979504669,18.2956396217,13.2385975609,16.3574856866,9.92261558321,5.85368398743,6.91536656261,4.64461421019,8.67058801885,8.93103014374,13.6525924405,14.928490799,17.342608345,20.5956310048,21.5091250481,17.2648359881,21.0286723999,20.5972357288,21.091043302,17.603295666,19.705802006,13.8359640425,16.6284513921,13.6168426635,11.7750666045,9.056978264,4.70376528902,5.78371626938,10.0853659947,9.35624540096,7.2632149071,6.29330994085,7.77850215418,6.4701367795,4.72316166257,11.5683626104,11.9215836959,11.6931025325,15.343870121,19.9213292614,16.793794716,21.6519926203,25.9571839701,20.8531383268,22.4616378236,26.92939005,27.9016870304,25.1636293189,27.8983642733,31.9726011993,32.5661985842,32.3531152647,28.9340409684,28.6380050586,25.1743896666,22.2420233067,19.0684347631,16.2094976055,16.9705189137,13.36502301,10.6315501329,12.3121324982,11.9445372767,14.7435191896,13.1619847858,13.053032522,7.2331033962,8.32946546049,10.4095799229,8.03445917651,0.0,4.74905499268,9.24705074469,7.35476900574,5.21051548522,10.0601080453,10.7984077126,9.35761152976,9.76621443539,13.2640627396,15.1036662672,16.1319657872,18.8357050113,15.7434828546,19.6425983595,13.2332152952,12.8123382491,12.0211200893,17.0971786808,15.0392877709,20.8128321328,24.0499071623,25.3217591274,28.3461099086,32.4757479241,32.622015153,27.1122953436,31.5869329252,35.347086624,34.7509791464,29.9324261681,34.1014991826,30.1482896702,28.4988442669,30.3052033758,27.7901727659,31.7882901922,29.2683218629,33.4175416285,32.2224951932,26.0297699523,28.4603171246,32.0994829521,26.1768541877,22.7786696014,29.4442142683,27.4032402586,22.7598954725,23.0607567734,27.0156264132,25.1557907486,21.5081109458,24.106425518,27.4053967804,26.6232266405,23.1952526232,25.3558861574,20.861910184,25.9000793381,26.3830068546,25.3597488222,24.5677159639,1AUG ,1
G,G,G,G,G,G,G,G,150.0,G,A,0.0480769230769,150,G,A,0.0480769230769,G,-0.3173,G,0.6611,GLY,150,1.56797862452,1.57340771093,GLY,150.0,1.13402763587,1.1791794639,0,1AUG,G,150,G,29.3688637575,26.2228649018,23.2661886752,21.4438075865,19.252266125,14.7258116874,17.0981049665,11.9393487945,14.4602519292,11.6893632567,16.4868283405,20.7197222236,17.2762180532,20.3342724394,22.9959945681,23.579847479,26.7422764572,24.7614298034,17.8933931102,21.3409864655,16.5043189316,19.3655001214,23.1536829728,20.8839711765,18.022286201,23.9170242507,26.2564209847,22.7587139212,22.6002841896,23.6017024812,25.3559598234,28.4427732799,28.2802022135,29.8888703308,27.3284647858,24.8136597814,24.3079292527,22.2173425355,20.1330610281,19.4446334239,17.0474566477,17.8254710996,11.6197382009,13.493737763,13.7494285854,12.9630667979,10.1000452571,10.697046258,14.766715039,8.56529176936,5.55308424343,10.5278535838,12.3992952727,8.3146200321,8.93847612407,15.5873448755,13.5999502975,12.1702265261,15.8186469074,19.743409793,18.8474019944,19.3442442596,15.8581704359,20.0614441297,17.2705161961,11.8410229931,14.3364405569,9.28074254151,14.0368710874,13.2015709326,18.7390953144,16.7197601395,18.1315773754,22.2721399961,17.0260798755,25.7164393882,23.862037077,20.9551677578,17.6165976691,17.0226129735,12.2137959145,17.5918888014,11.699975402,7.23659266396,9.31076196516,8.67964937469,10.6062826855,8.5118370926,14.3657230316,14.0040908692,15.7635783578,18.6758144883,19.298994183,14.2832382431,17.1325280521,17.0073541881,18.1001244872,14.9771455318,18.4500932183,12.7551968234,16.9318471689,14.5817015032,12.061519324,11.8222018004,5.42134618141,8.15543409147,11.699099481,12.8999512181,10.9068619023,10.6268842253,12.4693230722,10.697570666,7.76207349651,14.2801111325,11.8737280182,11.2669780126,13.9958295936,19.1868175172,16.5452961698,22.4387067045,25.5613175183,19.5028414625,21.6911077181,26.4606620829,26.5913064074,23.3128198931,27.1213905626,30.913392427,30.4426726542,30.6164968117,26.7283589796,26.9160543057,23.8585401112,21.4541643021,19.1714466143,15.9200999396,18.1695127038,13.9901356564,10.2403828183,12.1953381323,11.9898016375,12.3959648042,9.80439169565,9.96072099305,6.7222303094,5.34983584938,5.80404365244,6.58642776809,4.74905499268,0.0,6.10234840342,6.82930182928,6.18135792797,8.16005918084,9.73082565972,10.815471565,10.3727608769,12.7473142852,13.4192593805,16.2569173873,17.5908698396,13.9844561946,18.5163609622,12.1086283016,10.4578390458,9.13568483997,14.6151852643,12.8370025846,17.7176648633,21.6261329748,22.6702209546,24.9142851479,29.4062530288,29.0912962819,23.7696291295,28.8672664657,32.2285921353,31.7108824224,27.2595395745,32.1330771828,27.980426921,26.7361134084,27.7576977522,25.2992894018,28.7584793472,25.579511334,29.9509403296,29.4641311817,22.8721808748,24.9209502761,29.3331377464,23.426889195,19.5516390155,26.4558022188,25.0021280649,20.2848560664,20.234508073,24.5143722408,23.4472877737,19.6148385195,21.965801984,25.7775998013,25.6715272027,22.7001794,25.373890027,21.122556046,26.1261880579,27.1410769972,25.9116346961,25.455484769,1AUG ,1
L,L,L,L,L,L,L,L,151.0,L,A,0.0,151,L,A,0.0,L,-0.2858,L,0.6886,LEU,151,1.58176669994,1.61282911253,LEU,151.0,1.20170172713,1.23894460809,0,1AUG,L,151,L,23.3836210039,20.1840433587,17.2718075367,15.7794847475,13.3302092026,9.37579628375,12.1370479128,8.35635389391,11.8156757211,11.7163876001,16.8212494674,20.7181611183,19.4075010998,22.2917955297,24.6591506877,24.2683068315,26.730954917,23.9990373766,17.5358490697,20.2988701769,15.2211913563,17.0275122961,21.1123674532,18.0893116903,14.5421612026,21.1494318211,23.0367468859,18.2086695451,18.0668448186,18.4954103616,20.1368013427,22.7908004764,22.771621696,24.1053997337,21.3536548597,18.8995955017,18.4151570653,16.7125365858,14.8505512358,14.9626680856,13.4050732064,16.3332689231,10.4151757141,14.1108492707,15.2378631095,15.5842947841,14.833963829,15.6275575811,16.537003637,10.8854237169,8.36377507194,11.7969758612,11.9228304659,5.89089709383,9.75911835594,13.8682796923,10.3484880837,8.00492970571,12.7637370164,16.0892265093,14.1562169007,14.7919714757,10.2349021385,14.0923050375,11.2300140678,5.81441269322,9.14752192201,5.26823766981,11.1064667605,11.6814453896,18.4689117463,16.9100921848,19.1505924456,22.8248959286,17.5524997595,25.5630664158,22.7736381063,18.5165076286,16.5762207842,14.4092073502,11.8293273918,16.3358946115,12.8023365576,8.90976072445,13.2401813193,13.8404772199,16.2203090641,14.4745591495,19.8961190917,19.2401020825,19.4085631527,22.6502157222,23.5289663654,18.1844473359,19.1545542149,19.8697891069,21.7692846109,19.2882151461,23.4888152386,18.2934233309,22.7602199302,20.4576326266,18.0660089868,17.6095420418,11.4712095562,12.7294191127,16.9607811096,17.7810918704,15.3845228984,13.3395093756,16.1923633434,13.6154504175,9.21451318202,14.2664531939,9.31312264862,7.51573090611,9.35383167356,14.5530384909,13.636013994,20.110679901,21.1167537948,15.3284607923,18.8030681332,23.260496749,22.1686726028,19.6968089473,24.4660445167,26.9480721435,26.2332567978,27.1478395911,23.6422695652,24.8554444194,21.4363153309,19.8770028024,17.6975173515,15.9606071245,18.2429023424,16.351872111,12.2333134683,14.9542785442,16.5818110485,16.1446935087,13.141207535,11.8592943637,10.9352305992,10.4787799897,6.3080952539,6.41316827475,9.24705074469,6.10234840342,0.0,4.54151916962,8.24360954965,7.28444327232,5.58518256957,9.67467896523,11.3999513254,11.8157817527,9.87578698843,12.9284177221,12.7194487389,8.63098117545,12.983631668,7.00121706187,5.21370396512,7.80847346475,11.4317599753,13.0088800574,16.0469831301,20.5031412094,23.2565652515,23.7310079692,28.1539432553,27.8998889792,23.6518945692,28.8713424908,32.1778584137,32.6087604715,28.4442684088,33.1295527834,28.5489568048,26.8845793607,26.9263684505,23.5280531205,26.3619610495,23.178596655,26.8564448032,26.5853203168,20.3861518932,21.3855479661,25.2929002193,19.8469295635,15.7837027156,21.5447036966,20.4767952149,15.7311293855,14.9821152576,19.0315351192,18.4535909152,14.2205277892,16.1385009555,20.141026368,20.5416754711,17.5259706612,20.7693730284,17.4936833366,22.4624711465,23.9937428237,23.3122841067,23.6186527768,1AUG ,1
M,M,M,M,M,M,M,M,152.0,M,A,0.0580357142857,152,M,A,0.0580357142857,M,-0.4724,M,0.5259,MET,152,1.56578901935,1.59535044951,MET,152.0,1.12930971661,1.18894481558,0,1AUG,M,152,M,23.7826128835,22.0319169034,17.8773534521,18.7002645439,15.5718570174,13.1164370402,15.2481996604,12.382885421,15.8655358982,15.0711506644,20.6867060304,24.4286108251,22.1134206545,25.260431062,27.6925887958,27.1123673718,30.2152751095,27.4008454685,20.780642711,23.0455799046,18.2541579472,21.0559567316,24.6392151694,21.0728779941,17.9565810939,25.0229518291,26.2891898102,21.1270436451,21.9277634732,21.948431491,23.123210531,25.3176108181,24.5985766064,25.644674275,22.2177411756,20.5002816066,20.9624975511,19.4549228555,18.4214997501,18.775040476,17.823603188,20.6354864445,14.666856628,18.1424496974,18.4735796273,18.864281082,16.647292911,17.4765342803,20.2615628236,14.2144354355,11.1485517282,15.2941949151,16.1890871875,10.2610994664,12.4714287625,17.7740888423,14.691482029,11.4828038344,15.6137043603,20.3175277445,18.0969216165,17.51163684,13.1828751981,15.5508374164,12.3734247611,8.73409677355,11.0579195471,8.54766246159,13.8116550873,13.7704109196,20.6741250167,17.9848872162,20.4525926131,23.8000892748,17.4009064848,25.4879738351,22.2414905288,19.1585106703,16.4243878387,13.7505048764,11.0081727581,13.0631955126,9.58094510966,5.96639846279,10.9414679747,11.8333806438,15.0173241809,14.905137313,19.4646050592,20.0019967559,20.287587856,24.111194468,25.4587354928,20.648901292,22.4403032749,23.1453767378,24.4328304648,21.6797777954,24.7050488017,19.3492066227,22.9126109293,20.0571010707,18.3561997317,16.3886824781,11.1689259718,11.6811533714,16.5597412602,15.9682780353,13.4666235946,9.97581215726,12.758572494,9.91127000851,5.67349084378,9.92580183894,6.53299966402,4.87216282458,8.53678308568,13.1426803205,11.5765957478,17.280444075,19.4986103051,14.7270420898,17.6254201278,21.8034448457,21.6456813558,19.8413837384,23.4430584025,26.1862990049,26.7576329755,27.2234103677,24.3003126874,25.0199069185,21.0261303872,18.9194189678,15.6685095482,14.6123952891,15.4622103834,14.7441938011,11.2339221259,14.0582976588,16.168136927,17.6271389695,15.3813774991,13.5952140733,10.4445712594,12.0661499655,9.61235077512,5.52710466514,7.35476900574,6.82930182928,4.54151916962,0.0,7.08659586128,8.8400004131,5.05759007085,6.80328321169,10.8975050023,12.2247903253,11.2353845318,11.771996196,13.108800868,9.52690978444,12.3360692117,5.89279882899,6.20705633727,9.11896087577,12.3453417556,13.7125361342,17.8687523793,21.5670225715,24.8480864574,26.0995938477,30.0830509044,30.4270144248,26.0076052987,30.5407431261,34.3589578278,34.863024101,30.251377956,34.1500498677,29.6597268133,27.4394157516,28.2514293056,24.6471958433,28.1293444202,25.8205774831,29.1678707605,27.972386107,22.29734361,23.8132731551,26.65001053,21.1837164867,17.8061604145,23.2588600006,21.3540272154,16.7104240553,16.5694979348,20.1547791673,18.4254498894,14.4699257441,16.8758040683,20.1539137951,19.629548202,16.1391171222,18.7507922151,15.00186731,20.1873542559,21.23816778,20.7976351342,20.8790441215,1AUG ,1
D,D,D,D,D,D,D,D,153.0,D,A,0.0725388601036,153,D,A,0.0725388601036,D,-0.6753,D,0.349,ASP,153,1.33320307631,1.4311845559,ASP,153.0,0.945860995728,1.04885429012,0,1AUG,D,153,D,28.6280556115,26.1538705269,22.6539891127,21.8738050567,20.8074573653,16.7036157566,20.3268061314,16.0426054664,19.0583317258,17.4354535599,21.7847877038,26.2864784553,23.2791005923,26.2102361062,28.9017480803,29.6643187546,32.51205415,30.4764326534,23.7139730937,27.1122359263,22.1171583099,24.1251150485,28.4040395087,25.8810277291,22.5018173549,28.5951658874,30.97735727,26.4373805384,25.6446887211,26.186755704,28.1114764929,30.4548436169,30.5993090127,31.547519853,27.966670338,26.1882131587,25.4583039649,24.6117803906,22.0946102576,22.7629320632,19.9414598986,22.4210005482,16.2421769216,18.0228503736,19.5437020432,17.8126898957,15.1306920871,13.895493137,18.4699326884,13.3306856294,8.83576267143,12.6400165525,15.554269218,10.921378175,8.76965144566,16.1651220478,15.3367109821,12.0832414364,14.2343594858,21.1835130798,20.1921095927,18.0588638363,16.075436586,19.4416401998,17.8347317927,13.0374982757,17.1469433061,13.2623742958,18.8441644547,18.574424242,24.6779765731,22.4336186179,24.1151247392,28.0762909105,22.1582037935,30.7845723002,28.2591310695,25.4605949699,22.2501177359,20.4797568714,16.5077762543,18.8800620311,13.7283342425,9.46496930445,12.0186855855,8.24554834232,13.4693792837,12.0786491155,18.2311244595,18.7412956691,21.5081561078,24.2943084143,24.5136286344,19.3554193122,22.6544217829,21.3576233179,23.0443198072,19.1100764204,23.1291835928,16.7701414007,20.3933902668,17.7956090383,14.4323805065,11.7492076973,7.86202022093,5.43386547407,10.3933388716,10.3397862196,7.78787793839,6.91808722727,10.987046121,10.0772436382,4.7766888195,13.7575930784,13.3160552078,11.7645408512,15.5283143074,19.95795543,18.456392751,23.6254894973,26.2378984776,21.8036939708,24.5353371849,28.7602706127,28.7055639577,26.7453588799,30.281783491,33.2687181258,33.670979129,34.1524014781,30.9082468316,31.3886353493,27.6897216376,25.2679933838,21.9783796735,19.9708683745,20.6469404868,18.1088543913,14.901973881,16.990234675,16.7745149266,18.2810451433,15.739894022,16.1012507965,11.7361844724,10.4542680014,11.2636460952,10.5416919069,5.21051548522,6.18135792797,8.24360954965,7.08659586128,0.0,5.66565174549,7.76799976229,6.12655164944,4.78697761495,8.06731409598,10.5239436733,11.9140135336,14.8702447487,12.4288026836,18.0451405293,11.9406635022,12.5697798929,14.1241858904,18.6856759819,18.3027420565,23.0659130182,26.9751832716,28.6983930595,30.654728586,35.0769482164,34.8660629445,29.7974630646,34.8342508482,38.2907053497,37.8866620602,33.4094044749,38.0525989329,33.8682068303,32.27300012,33.3758026621,30.4386594128,33.8711590947,30.8287521469,34.7985491055,34.1679486981,27.9269319147,29.4589112681,33.1842783483,27.5889041378,23.7832658906,29.5798474543,28.1254194014,23.4058460569,22.869868401,26.566078861,25.3239418729,21.1189863371,22.9948689962,26.4797385182,26.2104018937,21.809100055,24.8132724167,21.5761763836,26.8132093979,27.5580472389,27.3141010098,27.0792071803,1AUG ,1
E,E,E,E,E,E,E,E,154.0,E,A,0.0582959641256,154,E,A,0.0582959641256,E,1.137,E,1.929,GLU,154,1.20656200335,1.34503369176,GLU,154.0,0.898861063382,1.0222819079,0,1AUG,E,154,E,26.0461350693,22.3815423283,20.0328423146,17.3940436538,17.8619323159,12.9191775761,17.6833685655,13.5667962229,16.4609403689,16.3665180473,19.7619439704,24.409890152,23.1000846718,25.6370160177,28.1851320631,29.0144327003,30.8554333942,28.787315267,22.4892890187,26.173706656,20.9770602636,21.2960100168,26.2241416763,24.1442545617,20.1926208359,25.6428194284,28.5612392324,23.8394491412,21.7105806256,22.3392536428,24.7611242816,27.0230769547,28.0749334599,28.9092430361,25.5715038698,23.4899956502,21.6735525542,21.4566943086,17.9427409388,19.2505630143,15.6518173179,19.3249503103,13.6307301592,15.5186378849,18.6539870337,16.6331296101,16.1712388543,14.4843543334,16.0364032685,12.0514391584,7.6476467112,9.50311982413,11.8832787785,7.37241705308,5.03788507693,10.919275095,10.4982646732,6.98900932399,8.63359298005,15.9604646594,15.2797610769,12.8183431354,11.797454592,16.0238550147,15.5462550724,10.1841236539,15.6624086475,11.9892036899,17.715519829,18.3748395213,24.5371219497,23.399715269,25.1179574985,29.1965982386,24.1151353046,32.4688435496,29.8945258214,25.778729745,23.6604475628,21.5517501455,18.5242322539,21.8832437009,17.6309549931,13.2228874116,16.5228514502,13.4645454348,17.7819368264,14.8116725907,21.8287412502,21.0982786501,23.5060970855,25.7706518204,25.4346569669,19.4986004001,21.6230389889,20.0178077258,22.872275871,19.1436627286,24.9518424644,18.742130537,23.4368222336,21.4250221595,17.240022367,16.1858977302,11.4616401478,9.78474871868,13.5528342155,15.0697007415,12.7465220536,12.4179963702,16.6303416606,15.3928559746,9.66445933614,17.8269018299,15.2339116938,12.8874187281,15.640762281,20.174611842,20.0414905254,25.9400668582,26.6473735748,22.0229115978,25.739114364,29.9417406966,28.6325920439,26.8056168279,31.5130916814,33.5950966151,33.0417141897,34.2495439443,30.8411540984,32.1342637564,28.6700231758,26.9607086012,24.2982362816,22.5015561464,24.0563266946,21.6257557682,17.7883951651,20.1141417141,20.0851306329,19.6962254338,16.2749437043,16.9855760861,14.8458567867,11.7289338917,10.5674362889,12.5344983665,10.0601080453,8.16005918084,7.28444327232,8.8400004131,5.66565174549,0.0,6.68932208594,8.38730134968,5.4568589475,5.16759928874,6.11170375284,10.5692485215,11.7707407127,9.48503575676,16.9204787894,11.5711384198,11.9433041606,14.6910112001,18.6976604972,19.5643652995,22.8703225303,27.4793572946,29.2991936995,29.970522549,34.713248114,33.9526666213,29.468446245,35.1420772493,38.0649269014,37.8658563761,33.9451338678,39.2466589133,34.8578117602,33.5862580942,33.7110481332,30.6148889119,33.2128941419,29.4294767385,33.3202600798,33.6043142822,27.2297319731,27.7981844209,32.0592796843,26.8562063363,22.5741353645,27.7041889611,27.16477804,22.5066706228,21.1074032914,24.7422295513,24.6219919401,20.0460139596,21.0995660931,25.060832818,25.7266902474,21.2399623895,25.1247938849,22.9114319497,28.0718353404,29.3642039066,29.3634370613,29.6593368751,1AUG ,1
I,I,I,I,I,I,I,I,155.0,I,A,0.0710659898477,155,I,A,0.0710659898477,I,0.2335,I,1.141,ILE,155,1.33849891817,1.40546829221,ILE,155.0,0.995500300137,1.07985964722,0,1AUG,I,155,I,20.8756056569,18.7232645721,14.8892292541,15.3532947915,13.9173164239,11.3358375008,15.0435122515,12.911962287,16.5300211055,17.2455497557,22.0349064162,26.0198092092,24.9504370773,27.8102176414,30.1948598141,29.7978332436,32.0711899858,29.2163988039,22.9507741194,25.4549584913,20.444855837,21.6195214949,25.8908141597,22.5429349022,18.7415132818,25.4325169252,27.0782293915,21.1864602186,20.7037927573,20.4406317593,22.0318700369,23.6625146451,23.8043259492,24.3215025041,20.3686994753,18.9190105581,18.475465401,18.260643418,16.3410300615,18.0125354892,16.4857288624,20.9776861892,15.3509338747,18.8628130052,20.7138179171,20.4565699405,19.4814291819,19.3087011319,20.7222187616,15.6432097996,12.0538529231,14.8982327121,15.7252363114,9.64015706093,11.2933982545,15.3172883096,12.6808962713,8.22040270958,11.6178732348,17.6921549167,15.3601188669,13.0685079045,9.77303520268,11.9222391558,10.4109580599,6.91018358465,11.6226675076,10.0815795113,15.7472437202,16.6820156084,23.7419470023,21.8400803249,24.3402853485,27.7520850415,21.8180949443,29.6032216026,26.0991629316,22.0847679376,20.3426194207,16.9787034911,15.4527201954,16.752207358,14.4448178442,10.9671683108,15.7442102769,15.0275933854,19.1742849027,18.0290244817,23.654519434,23.6977371272,24.4603290143,27.8211464259,28.5759288426,23.1127681675,24.4854230839,24.4883465241,26.7252645694,23.6815257486,28.1190111775,22.3781909492,26.5122212988,23.9033794842,21.1510582651,19.1804009453,14.1892376814,13.1958882656,18.0554949322,17.8963904643,15.2641360157,12.1340118615,16.1840778392,13.8887260077,8.24430190267,13.5314514411,10.0686986109,7.09948260608,9.93340959246,13.8208248297,14.514850209,20.0962788998,20.157775519,16.4426690685,20.4656212026,24.1739945173,22.7977222236,21.9629759216,26.3230959046,27.7707570043,28.0645242054,29.3097008859,26.6531875986,28.1716070408,24.1191005973,22.6364523895,19.506804421,19.1786323843,19.9403534521,19.7683335609,16.120137114,18.958911521,20.7293001496,21.3184202634,18.4102854391,17.244520252,14.9667591479,14.7848056081,11.7554003728,10.1579611713,10.7984077126,9.73082565972,5.58518256957,5.05759007085,7.76799976229,6.68932208594,0.0,5.64934351933,9.34621255747,8.85437958059,6.53697089854,7.42509258111,8.25346760566,5.04305123833,10.612267413,5.23141119534,7.43281077985,12.6490128492,14.9995875225,17.7710019761,20.7471639512,24.9591310277,28.4764310645,28.6942272401,32.8831803022,32.8541609161,28.9580443498,33.9477562562,37.4032531453,38.0717455452,33.8395073795,38.1526438236,33.5264960086,31.4391698016,31.5657067882,27.667980915,30.454461492,27.6514308729,30.7127611322,30.163379305,24.6095231688,25.0805825373,27.9246623827,23.0212231402,19.3345924055,23.5077747018,22.3810963717,17.8681111388,16.6510547341,19.7529474843,18.9031260748,14.3900547604,15.6814992468,19.1536401817,19.3585487092,14.7262744574,18.4486202481,16.5058034502,21.6283159013,22.9728623174,23.3946481662,24.0584472359,1AUG ,1
S,S,S,S,S,S,S,S,156.0,S,A,0.496774193548,156,S,A,0.496774193548,S,0.7146,S,1.561,SER,156,1.12491725871,1.23740772404,SER,156.0,0.747891627891,0.891414962107,0,1AUG,S,156,S,24.5484257164,23.4954348265,18.9885753823,20.6422513372,19.2994765692,16.9496309359,20.4612369507,17.8869398754,21.4172219868,20.9943885544,25.9173266682,30.1209271262,27.8139109364,30.8530846646,33.419863866,33.402495143,36.2174953544,33.6079209398,27.0018283124,29.6352464571,24.6922164352,26.6030359013,30.7432074082,27.3821063392,23.8591898549,30.6313162196,32.2626306295,26.5492200177,26.3198394741,26.084379854,27.5813175907,29.052200485,28.8697119253,29.2044242828,24.7809008426,23.90073243,23.834178667,23.7590428822,21.9723120854,23.5673127056,21.7478898346,25.643070922,19.6451177081,22.4625014496,23.9557061423,23.0526204987,20.6969780778,19.9439369829,23.5606925744,18.3182055384,14.0468503383,17.4386863478,19.514831214,13.8580663833,13.1676099367,18.9673561572,17.4381324957,12.9274317721,14.9847574439,22.650618999,20.7112914251,17.2566669366,15.1818479886,16.6258695134,15.371096872,12.5216211401,16.5665380218,14.6402585341,20.2610670368,20.4963195466,27.3635031751,24.7043620716,27.0373102427,30.4688590215,23.8403646693,31.9175399753,28.429753402,25.6390086373,22.9299965687,19.7882754518,17.4191433005,16.8201088061,13.8940127823,10.7442117945,14.644928924,12.3897357278,17.8682599859,17.7542885516,22.9927033305,24.0556944585,25.808628585,29.2516663196,30.000421656,24.9091675775,27.5203624207,26.8644311007,28.6560254804,25.0080641579,28.6949998485,22.5652580015,25.8282068661,22.880738975,20.2536075043,16.6535319904,13.3986112352,10.7154880408,15.818703196,14.2644347544,11.6590247773,7.70909743237,12.4105337829,10.9190473128,5.20827921871,11.5365550216,11.6600181986,9.43861313015,13.4621410176,16.6176175623,16.4344873873,20.7709996632,22.4224768677,19.7556172019,22.9239044701,26.3871932071,26.0890278001,25.5775192649,28.7587876653,30.7087653567,32.0693440316,32.808081416,30.4477151857,31.318904562,26.9849666276,24.8389058366,20.8516578403,20.5738386994,20.0022612743,20.0199564103,17.1031300191,19.6334288728,20.8445520226,22.9655261339,20.5610751669,19.7560145796,15.4702386485,15.9096621635,14.9999340206,12.0648664284,9.35761152976,10.815471565,9.67467896523,6.80328321169,6.12655164944,8.38730134968,5.64934351933,0.0,7.22890822644,8.52472326824,9.46425833962,7.23720675198,11.302625969,9.78954468165,14.1376264884,9.15418616236,11.9101648374,15.8889514831,18.8469665746,20.3987997273,24.6321381506,28.3278747135,31.5289762243,32.814421592,36.856254137,37.10657402,32.6723357823,37.3132604773,41.0873409605,41.3977724772,36.7931261876,40.7487840921,36.3423854001,34.0661491973,35.0358313047,31.3216399628,34.7146684115,32.3162615106,35.4893250691,34.360323471,28.9025057459,29.9818112533,32.4300601393,27.3513866863,24.0146179335,28.4196079962,26.7103213881,22.2642363701,21.5687629489,24.4377996462,22.7443536145,18.5983552395,20.1996025023,22.9948724086,22.3621426651,17.1208832513,20.0977104992,17.8881509278,23.0569261167,23.6842086834,24.3837914033,24.6062807268,1AUG ,1
R,R,R,R,R,R,R,R,157.0,R,A,0.481751824818,157,R,A,0.481751824818,R,0.7882,R,1.625,ARG,157,1.01463248718,1.0637068174,ARG,157.0,0.702276590053,0.759431953534,0,1AUG,R,157,R,29.1048244574,26.4003967641,23.3293436764,22.0502758241,22.487851707,18.1583992508,22.7436100602,18.6975299161,21.6346732297,20.7453363857,24.2633003393,29.0088641063,26.6557841072,29.3177799771,32.0021801087,33.1549169951,35.431261856,33.5552304664,27.0245717307,30.7237369695,25.5957412147,26.528614244,31.3033959569,29.0927930008,25.3236996778,30.9602563501,33.7690621466,28.9534068991,27.1211409032,27.6071756587,29.8974943577,31.8883540754,32.6817379983,33.2734210167,29.3657145926,27.8200715305,26.3653983292,26.4321722371,23.1620772346,24.6318347591,21.0899425648,24.4272045405,18.590520432,19.9060389999,22.6205814385,20.0383636645,18.2193960679,15.7626912392,19.6315207366,15.7427488873,10.9750503169,13.1710807337,16.5983210195,12.6322885616,8.50372601364,15.2902040095,15.8328980163,12.1286122983,12.3779345776,21.0385917357,20.4754250215,16.6800242484,16.5344512388,19.7743590358,19.4916253962,14.8870042944,20.0710208731,16.5472705702,22.3295607814,22.5171723558,28.639227642,26.833845379,28.4606301109,32.5293270534,26.8233583327,35.4133934083,32.7735754253,29.5529510058,26.7301752711,24.5994241445,21.0918853933,22.8965488506,18.2800375315,14.1583715771,16.6196035842,11.636468539,17.3931593671,15.2809295722,22.0076049118,22.2377529801,25.6845996639,27.9627904648,27.5474871356,22.0412519012,25.3425776806,23.0478505945,25.4600700415,21.1127758065,26.2145560847,19.6060433141,23.4013417423,21.1344973572,16.8312867696,14.0315658682,11.4728173219,7.24857188701,11.0874227394,11.4704000187,9.23511647604,9.48945435936,14.2054345224,14.0190786534,8.60935731544,17.4421231464,17.2152597693,15.105735729,18.7386691891,22.7815462092,22.2875928192,27.3198333889,28.9767280376,25.2311586607,28.4951910053,32.4859353273,31.876373534,30.4601068912,34.3298288721,36.6694831013,37.0066925873,37.8960677702,34.7785963127,35.6384161978,31.86205097,29.6681104344,26.2917573014,24.6418096431,25.1248823561,22.8856634833,19.6666119005,21.7355853285,21.1508354201,22.1762048118,19.2877546822,20.2516786495,16.3446886022,13.836029124,14.6711264196,15.0561191405,9.76621443539,10.3727608769,11.3999513254,10.8975050023,4.78697761495,5.4568589475,9.34621255747,7.22890822644,0.0,4.39670164816,9.05028939847,10.5687400151,14.027902596,12.8326973944,19.7040697499,14.3909997099,15.7501282828,18.3026540175,22.5604425563,22.7738267141,27.0507966535,31.2574541346,32.9350797438,34.4398527024,39.0447969508,38.5406064474,33.6597586087,39.0238962228,42.2222934743,41.7376511929,37.5091585845,42.4942857589,38.2829244946,36.8238676356,37.6266161358,34.5930787607,37.677858208,34.2619088342,38.1654499235,37.9512326198,31.6913830048,32.6728851307,36.4979829287,31.1717267931,27.1621443331,32.3085411886,31.2993737755,26.6329883926,25.5382954338,28.9408366772,28.1607580425,23.6947834363,24.9339587326,28.4253735975,28.5042625209,23.3528589656,26.867567341,24.6437677428,29.8744203109,30.6664934628,30.9710135633,30.9904033387,1AUG ,1
H,H,H,H,H,H,H,H,158.0,H,A,0.450892857143,158,H,A,0.450892857143,H,1.841,H,2.543,HIS,158,0.912430027946,1.01883961511,HIS,158.0,0.645399748658,0.751985474328,0,1AUG,H,158,H,26.4296920574,23.3102756726,20.8417390461,18.9752114156,20.5925339953,16.3559855697,21.5878017524,18.2322313508,21.1755268116,21.501351414,24.5888700255,29.292510069,28.1391200219,30.5962596798,33.1529239701,34.133744986,35.7738007029,33.7342706084,27.5687693753,31.2137646958,26.0086014535,25.8733710728,30.9732735475,28.8291572758,24.7009437129,30.0438313763,32.970684962,27.7358553099,25.1524870028,25.4402816894,27.9358899763,29.5495489794,30.9075032054,31.2046993851,27.2119816684,25.77101253,23.7100490855,24.5490305404,20.8180153053,23.0550587084,19.3410115513,23.8377162431,18.483411879,20.1015416901,23.6903276574,21.2052133175,20.6621145138,18.1856691162,20.0281614099,16.8597792382,12.3481998724,13.2956038323,16.0448196161,12.1347343495,8.5244144839,13.0969473471,13.9505981412,9.75415203652,8.76440062024,18.3521536792,17.7681168506,12.8268961605,13.90311687,16.9772763545,17.7992465944,13.5807606906,19.4909825353,16.6746700066,22.4689171755,23.3089121214,29.6480135603,28.3657610678,30.1846233065,34.1995033497,28.7713225714,37.109226381,34.1963798163,30.1878892951,28.1275414402,25.4770245953,22.850929691,24.6227021339,20.9063446655,16.7857072246,20.0293738583,15.8051735728,21.2247164133,18.6140811043,25.6464489591,25.3408433947,28.3134048554,30.5033507565,29.928132723,24.008726755,26.4358926795,24.154237146,27.2557511349,23.1379295823,29.134596978,22.6507078495,26.9834061318,24.9061203173,20.3772752807,18.2588632264,15.0252752592,11.4742713615,14.9760549501,15.83407951,13.6317670443,13.2879095075,18.1943681034,17.5606795925,11.615298916,19.7880951118,18.3891383064,15.7215499366,18.7647839155,22.5016851506,23.1747277374,28.4485483737,28.6303818776,25.2623441313,29.2261907672,33.0026267099,31.523931907,30.5893245404,35.088151969,36.570663086,36.5462033615,37.9755766906,34.9990569983,36.4634001271,32.6732144654,30.9756516071,27.8077856706,26.6513739946,27.3862167704,25.7252959054,22.1590687438,24.5011811924,24.3788001196,24.5625589698,21.23701849,22.0595272743,19.2318887934,16.3079662288,15.7321646409,16.8559421592,13.2640627396,12.7473142852,11.8157817527,12.2247903253,8.06731409598,5.16759928874,8.85437958059,8.52472326824,4.39670164816,0.0,5.63194904627,8.42712028302,10.948797422,10.6097591053,18.3768168514,14.0290924682,15.7288674365,19.4697220978,23.0327632741,24.4070432215,27.7409762447,32.2991532389,34.4148407626,34.974503992,39.6660001385,38.9439990521,34.6003882701,40.2419304422,43.1958165306,43.0274736604,39.1014985551,44.3123057061,39.9108699275,38.4676913038,38.6468679947,35.3158995519,37.8676917657,34.1728974111,37.7877371003,38.024246964,31.9121003948,32.1599754359,35.9530813339,31.0480949745,26.8937307163,31.1704247306,30.7046519878,26.1886777428,24.4977942534,27.5709887725,27.4292209775,22.7780005399,23.3398541878,26.9119598857,27.5414719669,22.1141578062,26.2100793925,24.9776750982,30.0979327067,31.2101154891,31.9028722272,32.3632399043,1AUG ,1
H,H,H,H,H,H,H,H,159.0,H,A,0.0803571428571,159,H,A,0.0803571428571,H,1.871,H,2.57,HIS,159,1.03403171112,1.14047687477,HIS,159.0,0.772417858864,0.870136744226,0,1AUG,H,159,H,21.2434965217,17.7054278267,15.5902208447,13.4758050891,15.3701220178,11.7067859622,17.1217409849,14.9951163055,18.0914283694,19.8297079349,23.0821363211,27.3869050918,27.4759753209,29.8662869607,32.202743025,32.4528653484,33.6933536536,31.1816167984,25.4238426902,28.5531473679,23.4235230813,22.6525384286,27.716901757,25.2507946395,20.9199337797,26.3764255157,28.9306526176,23.1132837562,20.4910239851,20.3807997503,22.7823649155,24.0831223754,25.6334108377,25.7793732978,21.8741694974,20.3873971273,18.1508717326,19.3774217605,15.7463873678,18.5911421247,15.576500426,21.2779128036,16.4160732886,19.1081576202,22.7673521042,21.3506361679,21.8140906021,20.3408712224,20.1407408289,16.8444629597,13.1039804937,13.7780758603,14.8093507305,10.1516455966,9.8185383543,11.5774008637,10.7961579183,5.76448302561,5.9606469136,14.5964190943,13.1069889572,8.07899701777,8.5363626626,11.4519677133,12.8052887672,9.22756944398,15.43514918,13.8324683396,19.3337822664,20.8731654464,27.4994275723,26.6061355984,28.7910577713,32.5007071335,27.3509158726,35.1201486848,31.8512441677,27.0477691269,25.9410143373,22.7173867155,21.3373642357,23.2402079504,20.7668856445,16.903904584,21.1486034747,18.7590699741,23.3779409984,20.822094551,27.5975248017,26.8911800671,28.542914066,31.0589977996,30.8776766951,24.8057236987,25.9188325912,24.7051731116,28.0261239842,24.6414552116,30.7511967372,24.718442578,29.4786755489,27.3707483107,23.3495924778,21.9210757557,17.3421322533,15.2596561759,19.2489135286,20.1566266041,17.7111372319,16.1199687481,20.8218791298,19.2483972278,13.1285367002,19.7760081892,16.5001237937,13.4341948151,15.4252972579,18.8573640567,20.6511227387,26.2609058352,24.8949641898,21.6191457793,26.2254787653,29.7699812411,27.4054866334,26.8528096661,31.9767991716,32.6245306347,32.1589773645,34.0689638716,31.2928224128,33.3779918803,29.6267087921,28.5599596327,25.8141903987,25.2895933382,26.443926823,25.6414466263,21.7577929311,24.4418116367,25.3469752279,24.8169087502,21.2769708609,21.2575592076,19.7772722685,17.4198180973,14.6839953037,15.8487459716,15.1036662672,13.4192593805,9.87578698843,11.2353845318,10.5239436733,6.11170375284,6.53697089854,9.46425833962,9.05028939847,5.63194904627,0.0,6.84596259131,6.26561684364,5.70433425447,14.0287962258,10.7712585304,12.5217522488,17.5591180053,19.9482423563,22.83676069,24.9724311141,29.7168704663,32.6706569879,32.1350865455,36.7011062102,35.9930123463,32.3973593335,38.0422249316,40.8910496096,41.3509088562,37.6522865395,42.7455917093,38.1135714159,36.516498156,36.0159166869,32.2673098651,34.2958556556,30.6275670574,33.7448735242,34.2188187939,28.483789312,28.0405342678,31.5340978163,27.1104565112,22.9891510469,26.3251014621,26.2787590301,21.9938267068,19.818879675,22.5825529839,23.0159531891,18.2996207206,18.3194709643,22.036665965,23.2229942534,18.0775414978,22.6298007495,22.097988989,26.9756805281,28.5400326589,29.3747654841,30.3132287066,1AUG ,1
P,P,P,P,P,P,P,P,160.0,P,A,0.679245283019,160,P,A,0.679245283019,P,1.112,P,1.908,PRO,160,0.840609152509,1.10012768235,PRO,160.0,0.56719839222,0.810598577695,0,1AUG,P,160,P,19.95369053,19.0429464395,14.9674438327,17.1119088648,17.6562255975,16.2549748187,20.6188262244,19.5347063335,23.0516374915,24.4103886938,28.6657497635,32.7946651507,32.1141506386,34.86093997,37.2629952857,37.0403060686,38.9413792806,36.0876497329,30.0642706696,32.5520743131,27.5589114021,27.8760256727,32.4272831686,29.0848283275,25.0516178959,31.3978892214,33.0508569116,26.4762858111,25.2350695876,24.4331364756,26.0852944948,26.567960292,27.2134009555,26.7681491572,21.769184889,21.5536464231,20.7492877093,22.3276429393,20.1215936853,23.1817172151,21.4196460766,27.095126419,21.8755160629,25.0163207004,27.7188844529,26.7662932349,25.9242520921,24.7459853001,26.2257020977,22.0144352461,17.9006881634,19.7653244516,21.1181424563,15.6909715439,15.3605219189,18.4169516504,17.1976703187,12.0279836608,12.5070710873,20.8737482022,18.6253901705,13.0122126367,12.7740887208,12.5837055579,13.7188346015,12.5709990412,17.587992522,17.2221859441,22.6917694505,23.9387750627,31.0576923502,29.1442008567,31.7322817541,35.0317724818,28.8290359748,36.3633705449,32.3954980767,28.5016391065,27.070410461,23.0236582465,22.2778263144,21.1727967637,20.0168396648,17.0901767337,21.5527687442,19.3617941132,24.792488528,23.8079151418,29.7110002071,30.1335004079,31.5963860132,34.8296491086,35.2516716857,29.5900209405,31.2433122756,30.4047566286,33.1153353483,29.5622035141,34.5146285787,28.33278859,32.2505769924,29.5654993691,26.2844568066,23.2239037392,19.6654761069,16.7008778256,21.359494092,20.5035547384,17.990161126,14.7041369137,19.543856698,18.0442423144,12.3771978263,17.1293093377,15.7001258464,12.6504277355,15.2779346168,17.2073304535,19.5384812024,23.7447623778,22.4547774818,21.2560932032,25.5889997337,28.3654261307,26.5530395496,27.333218357,31.3279075227,31.5317391704,32.6237132698,34.298919981,32.4407655775,34.3085347288,29.8946284327,28.6077974474,24.914333434,25.6345237487,25.2298255647,26.2311408758,22.9760045141,25.7640962305,27.3424518718,28.404615234,25.4221072885,24.6140926441,21.7044619103,21.1720811827,18.8843207474,17.2386431664,16.1319657872,16.2569173873,12.9284177221,11.771996196,11.9140135336,10.5692485215,7.42509258111,7.23720675198,10.5687400151,8.42712028302,6.84596259131,0.0,5.645492228,7.19782196865,12.4100701259,10.3965262798,14.1068242794,19.9940493395,21.6435057446,25.0515882976,27.8113028043,31.932726211,35.8473749504,35.7284124775,39.8111703363,39.803063062,36.2329882129,41.1992264097,44.6354284015,45.4301779604,41.253067397,45.4530663613,40.8010797494,38.4990202023,38.5671506664,34.3451374295,36.8942071565,34.2182475796,36.765484159,36.2286752065,31.2259323302,31.0738083715,33.1086074232,28.9133728686,25.5221894732,28.0528806954,27.185613472,23.1688137612,21.4332302092,23.3627690332,22.6365385514,18.2853800082,18.4689661803,21.0292656237,21.2467794745,15.0059832002,19.1001562821,19.3709151917,24.0912610996,25.1669903119,26.8705712652,27.9149085962,1AUG ,1
H,H,H,H,H,H,H,H,161.0,H,A,0.526785714286,161,H,A,0.526785714286,H,1.878,H,2.576,HIS,161,0.922780589425,1.04560567928,HIS,161.0,0.672536225684,0.774266215443,0,1AUG,H,161,H,15.5764352815,13.5555003866,10.3891283156,11.7298347545,13.2149096848,12.495771698,16.9848120102,17.1130113628,20.4073595386,23.0914787556,26.9005376265,30.6540595261,31.3219769715,33.8058786578,35.9640450277,35.3525952116,36.5825736981,33.5066557143,28.116858209,30.3101368484,25.4824890465,24.7569287332,29.3276731271,26.0656755762,21.8538317309,27.7621918314,29.3085473094,22.4370996739,20.7009961053,19.5835876101,21.2881815482,21.4290983952,22.6585896711,22.0506752708,17.3008674595,16.8861748867,15.4339642505,17.7037285165,15.3633738955,19.0942326951,17.8268445721,24.388744437,20.0309548154,23.6264015911,26.7119230276,26.3157631258,26.7120708643,25.9535596731,25.419550626,21.7385203525,18.4008041241,19.4609942532,19.567736382,14.436448741,15.851005475,16.4629883429,14.4657973016,9.66939143284,10.4740587364,16.9677457125,14.1894961078,8.73659124318,8.3319592162,7.2901229004,9.92125505417,9.87249834534,14.9459106671,15.6862183397,20.5292758912,22.497693905,29.489177703,28.332168534,31.0344190255,34.1564801293,28.6865432798,35.6504414156,31.6263398955,26.7138606344,26.3801416793,22.1050550177,22.4134683369,22.3756666357,21.9418847197,19.0059464588,23.9267129103,22.7523882816,27.344152863,25.72205862,31.7952823545,31.483321734,32.125411762,35.2427102671,35.6554570233,29.7863755747,30.2721069192,29.9754281921,33.0912122329,30.1084802805,35.6283135976,29.8364642315,34.3494716016,31.919069452,28.5910639742,26.6177391597,21.9853025966,20.07967012,24.6093879515,24.6069427452,22.0250089432,18.9713661603,23.5430579808,21.4936509739,15.7715923272,19.8983136725,16.2904830432,13.0391455601,14.1125809926,15.8226303415,19.3602264593,24.1676912767,20.9805754236,19.5249390644,24.5935634105,27.2504247196,24.2219082908,25.1648543561,30.1194414753,29.4405294996,29.5879720461,31.9067633078,30.0481734383,32.6360808686,28.5247774684,27.9859028373,25.07438905,25.9946867122,26.4713501823,27.5598881598,23.9204978597,26.858025126,28.8783202513,28.7921183286,25.5046711433,24.4277134371,23.1094439886,22.2018112869,18.469393626,17.8874446839,18.8357050113,17.5908698396,12.7194487389,13.108800868,14.8702447487,11.7707407127,8.25346760566,11.302625969,14.027902596,10.948797422,6.26561684364,5.645492228,0.0,4.30947258334,9.9378602947,9.76959455536,12.8600792906,19.4073834642,20.0481627888,24.6296392933,25.9922998828,30.4030143352,34.6816276942,33.3961363391,37.464669702,37.2105026363,34.4010104613,39.5497748727,42.6202264098,43.8345529382,40.0984360461,44.4933411917,39.6967767587,37.5387128361,36.7651152435,32.3500464299,34.1377358975,31.1944245233,33.3439321306,33.4143919759,28.6756538149,27.6571632814,29.7320442917,26.1221122537,22.645016892,24.1229660831,24.0446197657,20.3414922443,17.8854939637,19.4653362678,19.8351950607,15.3837364366,14.6157621162,17.5557622437,18.8322129932,13.145255379,18.0255246212,19.1470880084,23.4952014866,25.2075265927,26.8522584258,28.3689283062,1AUG ,1
I,I,I,I,I,I,I,I,162.0,I,A,0.0406091370558,162,I,A,0.0406091370558,I,0.8968,I,1.72,ILE,162,1.21713784772,1.31983081527,ILE,162.0,0.928601480086,1.02483407707,0,1AUG,I,162,I,16.6045419996,13.9441312037,10.6288075814,10.9819866505,10.7601612323,9.23499595294,13.5121397944,13.1187640211,16.5777302711,18.9687301642,23.1512317961,26.8385819602,27.2339792855,29.8047218431,31.964252038,31.2317892041,32.7420336319,29.6342187615,24.0404791248,26.2227743132,21.3525290685,21.1873032121,25.6211128386,22.2595973702,18.1249716979,24.4244661023,25.9411998594,19.3461926777,18.1807031573,17.3864610754,19.0495809502,19.9979828764,20.7873316074,20.8312801144,16.6630873372,15.4094955247,14.3411686026,15.3033145456,13.1633899815,16.0543813226,14.9703400938,20.9314575061,16.2605897587,20.1502314167,22.7230081597,22.7464896803,23.0209291624,22.810848439,22.33634899,18.1297313211,15.1039992434,16.6985755339,16.5058904968,10.8823685418,13.4881240278,14.7746630537,11.7802046607,7.11892368857,10.0592268772,15.3357588998,12.374080726,9.33257394818,6.07085226,7.11287385099,7.37676376799,5.77597273499,11.0878549589,11.4016702049,16.3808071597,18.2261066279,25.2464730443,24.0495131889,26.7265630861,29.8888487535,24.5208046417,31.6077376591,27.8071587386,22.8566801305,22.3403505832,18.3771457214,18.3572180733,19.4408493601,18.5244358113,15.4548185786,20.443469907,20.0168025216,23.9534477937,22.3440219728,28.165408434,27.7186972757,27.9714497487,31.1807902257,31.8070300493,26.0894699455,26.44980783,26.6434901799,29.452810201,26.7402210402,31.888068056,26.3558004913,30.8978173369,28.4935165439,25.5055780649,24.0019935437,18.7919985753,17.8085054016,22.4198362032,22.6451252576,20.0274536513,16.9949836503,21.1546445748,18.7722851274,13.2334981331,17.3738720346,12.8196801869,9.60941779916,10.6077486756,13.4420424919,16.1278112699,21.645123644,19.3502719017,16.4271192075,21.3592290508,24.5505073197,21.8529378012,21.8676276439,26.9961523304,27.0966432531,26.8870739495,28.9081493143,26.5917889559,28.9543066735,24.989974664,24.3153658576,21.6634288625,22.0875778284,23.1071058004,23.6765240584,19.9011359767,22.8402205647,24.9835708166,24.712020183,21.5048792544,20.1906252378,19.229194925,18.5776050661,14.4176610248,13.8540085029,15.7434828546,13.9844561946,8.63098117545,9.52690978444,12.4288026836,9.48503575676,5.04305123833,9.78954468165,12.8326973944,10.6097591053,5.70433425447,7.19782196865,4.30947258334,0.0,8.39936653048,6.26201457134,8.68963800739,15.1205771648,16.005421884,20.3613092205,21.8285166426,26.2872683886,30.4000830105,29.3462308166,33.4755882447,33.2545209512,30.2187112147,35.3563346315,38.4918101465,39.6354499046,35.8212719074,40.2299198208,35.4488072411,33.3708514511,32.6817320154,28.4160542082,30.4094923538,27.4249489604,29.8990969366,29.8801343746,24.7929724108,24.1795759762,26.7144058919,22.6013171765,18.9213763419,21.469835394,21.1367257238,17.0429751651,14.8757770679,17.2808046445,17.4510557786,12.769414977,12.8070425065,16.4064705358,17.5408759572,12.7124649823,17.313757524,17.0520520839,21.7004067044,23.5143043867,24.4607532695,25.7451509828,1AUG ,1
R,R,R,R,R,R,R,R,163.0,R,A,0.153284671533,163,R,A,0.153284671533,R,-0.1529,R,0.8044,ARG,163,1.21444802577,1.45692912181,ARG,163.0,0.894128288242,1.11933435859,0,1AUG,R,163,R,11.8708573765,12.7373085631,6.79088012888,13.4515996469,9.26225104688,12.6303551421,13.3994829826,15.8456166234,19.1546808199,21.7883286637,26.8923495417,29.5553608454,30.0175898488,32.7582801197,34.6215802455,32.573782215,34.5740238003,30.7784183211,25.7115392808,26.2410056661,22.2413964453,23.2798223554,26.2858790233,21.6675898369,18.4947563712,25.5164885968,25.1384692485,17.767644745,19.5063514281,17.6572103339,17.5992289011,17.5138771339,16.3325114377,15.9205642919,11.0094021833,11.1732260335,13.4235068701,13.7771843485,15.0567938931,17.371934083,19.147205189,24.5251520037,20.4968392302,25.2216055488,26.1697321533,27.8071245522,27.5100956914,28.6012059283,28.3538214036,23.3883848816,21.1644918481,23.601249925,22.5995699378,16.8537018619,20.958046856,22.2259197197,18.025056104,14.5677686769,18.1735538114,20.8528038683,16.905392864,15.9688306876,11.0860904504,7.84654250302,4.94514284188,9.59441926949,9.8089950573,13.5259970222,16.4977130419,18.3416503813,25.2838354267,23.3920113764,26.6826663697,28.7139281927,23.0332117842,28.5124598422,23.7643574694,19.2653237523,19.6861859688,14.4662557217,17.1509651605,15.5306245022,17.8954195725,16.7757438371,22.021883273,23.9453169124,26.9919130442,26.9061524196,31.0977348647,31.2753307025,29.8196577729,33.8975396087,35.597239204,30.6543421146,30.3635870908,32.0977485679,34.0890010963,32.129150649,35.7333148199,30.9532058301,34.8316891398,32.0611742381,30.5023913482,28.6288043845,23.4158786097,23.3371841162,28.343299802,27.5613934774,24.9443401779,20.459804883,23.5263944056,20.4517884663,16.6637554133,16.12972951,10.9055104847,8.69138145617,7.1555803787,6.28583691766,11.4918341693,15.6576367113,11.1838756794,10.4772950306,15.6411335577,17.5923062321,14.4717928125,16.3934565568,20.7863496001,19.5922449049,20.6256832576,22.6821313987,21.7053664541,24.352002512,19.9192390556,19.9284604904,17.277892542,19.8329502352,19.9806649785,23.2568603875,20.250958391,23.2396349989,26.989395212,27.5078610461,25.1066003505,22.2124361904,21.5637122997,23.2932076779,18.4495067674,15.1545080438,19.6425983595,18.5163609622,12.983631668,12.3360692117,18.0451405293,16.9204787894,10.612267413,14.1376264884,19.7040697499,18.3768168514,14.0287962258,12.4100701259,9.9378602947,8.39936653048,0.0,6.48051741093,9.23801150614,15.8710763425,13.8685793758,20.1051004449,20.6402284635,24.0038208817,29.9081053713,28.3471253602,31.4326898139,32.1919918718,30.1020879837,34.0231891292,37.6464992444,39.7867404944,35.802849899,38.794409335,33.9732112132,31.0286185812,30.2985600261,25.2678421353,27.3140126885,25.9636971273,27.0817599505,25.8368256146,22.4315097332,21.7395455871,21.8195953777,18.6250341185,16.4770620071,16.9497663937,15.6174028434,12.4662902222,10.9509741919,11.7120308701,10.4399541868,6.55465636473,6.87402752306,8.94732504481,9.23587860828,4.8871689026,9.29264521127,10.1995164325,14.0178017964,16.1935114416,17.7052009568,19.7069659215,1AUG ,1
G,G,G,G,G,G,G,G,164.0,G,A,0.0,164,G,A,0.0,G,-0.4749,G,0.5237,GLY,164,1.49249404173,1.65404500183,GLY,164.0,1.1184708009,1.28154080728,0,1AUG,G,164,G,17.9470667045,16.8460921307,12.1496340585,14.7968292998,11.0413986323,10.8454884058,12.6260078015,12.3200518936,15.9886716383,17.2169862416,22.6719586244,25.9261193323,25.1891519219,28.1345242886,30.2849202853,28.9282093126,31.4391329694,28.0699805933,22.1213129357,23.5710231877,18.9973192148,20.8649389131,24.3284222309,20.1432043841,16.7776108274,24.09976123,24.6622163598,18.2690464305,19.4376857657,18.6332888908,19.3766117142,20.7488905105,19.9195114387,20.4670413822,16.5405500009,15.3045654286,16.3169870457,15.4737807055,15.2914295366,16.6078140946,16.9360151389,21.2949113792,16.1847534126,20.5384849916,21.3110271398,22.4237394422,21.4390366366,22.4180600896,23.3061244682,17.8192785721,15.2426198983,18.3631492262,18.1022742227,11.9539395568,15.6035243295,18.626487358,14.7022953346,11.0729731705,15.3463206258,19.1552065892,15.9482660269,15.2359889436,10.1145642009,10.5640736614,7.04309453112,6.29209819373,8.17347793127,9.01519752692,13.5542590056,14.6725277256,21.9341224576,19.6944803847,22.6845597527,25.4350502688,19.3302005948,26.2811919219,22.2083736915,18.1310151929,16.9800884458,12.7412280505,12.914846747,13.2512060974,12.9966839551,10.8460182843,16.1205667062,17.6444365067,20.7140920472,20.4829016093,24.9211747239,25.1502420151,24.4233846031,28.3811669945,29.8921718876,24.9189352839,25.4772605782,26.7639138468,28.5194646411,26.2149662549,29.6969968516,24.6584727143,28.4947640042,25.727544491,24.0394416323,22.2391885036,16.9357757556,17.1058593069,22.0549519672,21.4616745385,18.8708007208,14.8013094312,17.8589396392,14.8244590429,10.6907162952,12.1233842696,6.66226460618,3.5124313569,4.99834941516,8.63472405282,9.99314484495,15.6829872176,15.0762732447,11.3759359893,15.6783439448,19.1235535175,17.6014120029,17.2017102477,21.4833230464,22.562179443,23.186426561,24.4113873043,22.2077524817,23.9255885754,19.6186888877,18.5147120048,15.4811833159,16.2825250986,16.9325988536,18.3823065709,14.9945688972,18.014798682,21.1167972959,21.8765988465,19.4388761368,16.9716120208,15.4964206651,17.053144514,12.8555368017,9.33034626517,13.2332152952,12.1086283016,7.00121706187,5.89279882899,11.9406635022,11.5711384198,5.23141119534,9.15418616236,14.3909997099,14.0290924682,10.7712585304,10.3965262798,9.76959455536,6.26201457134,6.48051741093,0.0,4.49665186663,11.0502483922,11.427177688,15.8242933102,18.0414813784,21.8111042275,26.5262858918,26.2595622883,29.9306076109,30.4270208092,27.1257256133,31.50251434,35.2306039,36.569479944,32.2675261233,35.8282865991,31.0899641,28.5071060609,28.4711021801,24.0703954722,26.8825566939,24.8815257025,27.2803714303,26.1328314502,21.3034074858,21.7458004214,23.5409347668,18.8899804736,15.8130137201,19.3462018233,17.7028336333,13.3678646817,12.5353286533,15.3353073026,13.8424543066,9.52016309429,11.4135187431,14.5685914419,14.415862565,10.6511336432,13.9574040997,11.7147118148,16.7042305316,18.331026683,18.6967775814,19.7022730105,1AUG ,1
G,G,G,G,G,G,G,G,165.0,G,A,0.0,165,G,A,0.0,G,-1.044,G,0.02749,GLY,165,1.694409602,1.77369451033,GLY,165.0,1.29590525949,1.33775491169,0,1AUG,G,165,G,19.9233465968,17.6485618269,14.1089774041,14.6136611842,9.97318118909,8.76110070987,9.40450541993,8.39580285348,11.9541107071,13.0103154631,18.6566489751,21.6438886535,21.0355288547,23.9341400574,25.9878880594,24.4582927264,27.024782937,23.6420329465,17.6710842998,19.1083836207,14.510559961,16.8333394196,20.0682288212,15.9575176342,12.7409064683,20.1774225711,20.8107766178,15.10321109,16.6975488924,16.3985951711,17.1559369755,19.4462321353,18.5299024483,19.8512679519,17.1420886567,14.8599105558,15.7269603525,13.5165618608,13.4810445828,13.5125425792,14.1689474727,17.4767904426,12.5163177911,17.1169886762,17.2749635003,19.0834234186,18.4962101665,20.2132722299,20.3882853955,14.7962231482,13.2633180779,16.4195033016,15.4335966293,9.71260462189,14.7681884919,17.4133725985,12.8222459754,10.6770308147,15.7825174874,17.519214365,14.5211497596,16.038280753,10.0276492335,12.1082688196,7.64713315528,5.02101528265,4.86633983098,4.78576579,9.12406499131,10.2473806101,17.5021387089,15.6185339704,18.5425802398,21.411776575,15.9117230759,22.9572795581,19.3966571342,14.7393076223,13.694107144,10.2838972009,9.97455453043,13.468219664,12.2912794458,9.96016598703,14.8796682534,17.3995451332,19.1478649853,18.4904215505,22.6418416986,22.2817100524,20.8521562351,24.7217049842,26.365752023,21.5731308658,21.5392465829,23.51979787,25.0433338658,23.3138273579,26.6009803439,22.1342449265,26.1952995035,23.7140697429,22.320973598,21.6596178471,15.6528369224,17.228158016,21.7134208446,21.8553899234,19.4166234916,16.1615089719,18.5002594848,15.2996907286,11.8729581003,13.4820565705,6.52007024303,4.91516230745,4.44434846028,9.7304003022,9.47799657777,16.170145943,16.2137545307,10.2252662015,14.2298587929,18.4433488441,16.969499993,14.9214514055,19.8992338337,21.8185766647,21.3121510189,22.3576405751,19.3193065053,20.9495194687,17.1842364083,16.1651531296,14.1627817845,13.7923866211,15.9759969777,16.1016936142,12.3202487713,15.2831114572,18.4766306335,18.3106627814,15.8920265971,13.0739614891,13.082468989,14.5949509039,9.49020816237,6.86217676526,12.8123382491,10.4578390458,5.21370396512,6.20705633727,12.5697798929,11.9433041606,7.43281077985,11.9101648374,15.7501282828,15.7288674365,12.5217522488,14.1068242794,12.8600792906,8.68963800739,9.23801150614,4.49665186663,0.0,6.99981198642,7.65065056588,11.942432159,13.7706723114,17.8823560363,22.2594977445,21.9112877468,25.7830859739,26.0984958226,22.6771628379,27.258589205,30.8522083989,32.133428146,27.9412342484,31.7966074729,27.0267535141,24.7553804666,24.4694814195,20.3339656717,23.1045993991,20.7530432505,23.6086417388,22.7566060383,17.3283707261,18.0934479758,20.8623938435,15.6750590666,12.1203192278,17.1247853771,15.6163050359,10.9119419755,10.4312091471,14.2903262057,13.2693230576,9.18289111652,11.6147512771,15.3871877883,15.6307959319,13.6124916656,16.4667518119,13.15491775,17.8229953434,19.6811754825,19.0028284918,19.7397861708,1AUG ,1
F,F,F,F,F,F,F,F,166.0,F,A,0.0,166,F,A,0.0,F,-1.02,F,0.04831,PHE,166,1.78706182738,1.85284372987,PHE,166.0,1.29894735888,1.38210317793,0,1AUG,F,166,F,26.2326785108,23.4664763397,20.6638985347,19.6898986002,14.8342866403,12.4395335695,11.3072757044,8.01461141432,10.1970994671,8.22407148307,14.657243324,17.1848086139,14.9737381484,18.1213928742,20.1898530517,18.6186224549,22.1944292977,19.1461566391,12.6461039725,14.2068952108,9.85007831904,14.6545707888,16.8653485735,13.26957273,11.4294912058,18.3321486224,19.0512022691,15.7615535331,18.192456943,18.8778981014,19.5074183224,22.9036471547,21.5599804435,23.7846200039,22.428845241,19.5054708096,20.4248742407,16.7177398987,16.8796224541,14.7205981239,15.2864770786,15.2423880543,10.4243338187,14.3222928589,12.1383379607,15.1164606271,13.7561955694,17.0001761716,17.8451340716,11.7952467362,12.0755061185,15.808887918,14.687536729,10.7221060084,15.749022473,19.1815845016,14.8128316839,14.6125238884,19.7749907665,19.9125856021,17.8824658698,21.1653576806,15.3747729165,18.6123172727,14.0232547536,10.5141094949,8.33233468161,4.88481869124,6.25473411941,4.84681154851,11.6080666307,9.20248518695,11.7993258724,15.1251290735,10.0175109967,17.8891017651,15.6764858103,11.8673346023,9.28976502228,9.08609045406,5.53495953164,13.8781916501,10.5939173567,8.69543380398,11.6600440055,15.9322510254,15.1731728786,14.7135184311,17.3968056059,16.6576556135,14.0792340376,18.1568029179,20.3877480349,16.5352808451,16.487685056,19.5950949474,19.9110154348,19.0362316477,20.7857544698,17.4527995253,21.1360152739,18.9639928069,18.7341051164,19.4588922559,13.2981193253,17.0408146957,20.5120851389,21.1813333211,19.236067022,17.1577999603,17.8391512056,14.7569341863,13.4766989944,14.6615272059,8.74705664227,9.5856168762,9.33786271914,14.3488149891,10.975185063,17.4531207831,20.0718289093,12.4553462155,14.1238622061,19.1846341691,19.1980316143,14.7474037001,19.0742023817,23.1356579501,21.8996263736,21.8453395483,17.662486611,18.0022617158,15.289057109,13.5251909698,12.8341595167,9.63441676871,13.8977874536,11.0858563154,7.05939348801,9.53496327611,12.7527368212,11.9891941109,10.4118677622,6.48811697147,8.4176805819,11.0917222785,6.61534993176,4.64069211989,12.0211200893,9.13568483997,7.80847346475,9.11896087577,14.1241858904,14.6910112001,12.6490128492,15.8889514831,18.3026540175,19.4697220978,17.5591180053,19.9940493395,19.4073834642,15.1205771648,15.8710763425,11.0502483922,6.99981198642,0.0,5.92925927955,5.3197475561,9.03841532335,12.9623611115,15.9020884316,17.1204351281,21.1563556935,21.4859913155,16.9543864562,21.4836035987,25.2466103035,25.964555319,21.4454320273,25.5113267184,20.893208926,19.0787696498,19.4335591269,16.3571643301,19.890448079,17.4940603731,21.4169209131,20.3893365372,14.0470947047,16.5908100294,20.5894029669,14.522147882,11.0858017424,18.6835478097,16.7994988199,12.3622488706,13.3631113592,17.8451739153,16.6175310594,13.8682713953,16.8871435433,20.4543559046,20.3512705402,19.7838850076,21.6086923019,16.6626539363,20.7982881492,22.3361350967,20.172030355,19.9689511037,1AUG ,1
I,I,I,I,I,I,I,I,167.0,I,A,0.0,167,I,A,0.0,I,-0.5363,I,0.4701,ILE,167,1.74407732027,1.88806100037,ILE,167.0,1.2569373855,1.37999459957,0,1AUG,I,167,I,23.01567676,21.0403700803,18.2217840051,18.6808302407,12.2249316054,12.6113772835,9.10760381403,9.58389398574,11.4286403975,11.8258462619,17.6888558251,19.0507298238,18.4922091275,21.2760821463,22.8079066557,19.8931519852,23.0903651925,19.273359848,14.0792451056,13.6000759195,10.3898888602,14.9197681629,15.973755824,11.003791904,9.89843448451,17.3103068552,16.3424981951,12.1559888924,16.6842097632,16.5828314383,16.1112195796,19.101734228,16.7204946807,19.0795218665,18.313917129,15.5106718361,17.7746569288,13.4808227243,15.6797879364,13.4275054525,16.2707299253,17.0251852603,13.7167419727,18.2794263981,16.0782159908,19.9626417829,19.4242021088,22.7907582631,22.3786705754,16.9461249359,17.3824320166,20.5294545496,18.4990097714,14.4568703664,20.3620188409,22.3565670495,17.2176915596,16.975417769,22.3104642461,21.1380077086,18.2479266379,22.2158177708,15.6771783545,17.371181267,12.0880840337,11.3211579947,5.93069161067,7.4052202334,5.46766574507,5.67754059854,11.8888603191,9.74645150593,13.1316150833,14.9074505262,10.3484169579,15.8932908652,12.5258126554,7.16579362958,7.11769033584,5.00344864515,6.88192300182,13.0581690027,13.0716930349,12.7017041165,16.1743207761,21.1425391,20.5264343146,20.6146243161,22.6200960569,22.0329586587,18.1804518609,22.4276448404,25.1050916176,21.6742633944,20.3680876806,24.3280924509,24.7123610136,24.4549668612,25.9235140929,23.2036440596,26.6507388632,24.4518287095,24.6331430039,25.0520728957,19.0430377655,22.3144887037,26.17519261,26.4284724613,24.3298689616,21.3052911077,22.0596377508,18.6219011782,17.4016111258,16.2495948435,9.15293001629,10.2682304263,7.49497949136,11.0022938161,8.49253984488,14.7295396562,15.7493532721,7.53855900766,9.54359296937,14.365652227,13.6441393566,8.95314637042,14.2395445656,17.5461162861,15.9920356279,16.1836462639,12.3025139895,13.5551816013,10.5155787145,10.0596441743,10.4879567631,9.59397113273,13.7059785944,13.8660795613,10.9285524069,13.218990287,17.6241083451,16.8854594644,15.6944953954,11.3142249181,13.8609732284,16.9811029038,11.8353128406,9.1068377708,17.0971786808,14.6151852643,11.4317599753,12.3453417556,18.6856759819,18.6976604972,14.9995875225,18.8469665746,22.5604425563,23.0327632741,19.9482423563,21.6435057446,20.0481627888,16.005421884,13.8685793758,11.427177688,7.65065056588,5.92925927955,0.0,7.46076243655,7.09849246636,10.4802391202,16.0810137827,15.4534318162,18.6592673493,19.6788710072,16.7504679313,20.3743924319,24.2932483413,26.255241336,22.0425766409,25.0282735731,20.1886999865,17.6274510712,17.0634198047,12.7254980584,15.9379167613,14.6618142278,17.3291451873,15.6316199203,10.3387344758,12.441127257,15.0273079538,9.10396557451,6.4468203226,13.3782432617,10.9554946438,6.7230816758,8.71849793313,12.840484526,11.3678969738,9.71718145914,13.0020913373,16.0150439221,15.9362268328,17.0924740504,18.3008778028,13.6820609194,16.877672229,18.9067801471,16.6192104172,17.0654629127,1AUG ,1
H,H,H,H,H,H,H,H,168.0,H,A,0.0357142857143,168,H,A,0.0357142857143,H,-1.06,H,0.0131,HIS,168,1.81658075302,1.88835416967,HIS,168.0,1.22891481704,1.32376931645,1,1AUG,H,168,H,30.1842931622,27.7339513137,25.0058986724,24.2543900317,18.826514438,17.0459882768,14.6019393612,11.8974274438,12.7634337882,9.3840322246,15.3673380625,16.6985331406,13.2546405949,16.4244894346,18.184726065,15.9232268585,20.5488619319,17.6511548897,11.6584755832,12.0558273786,9.30750103701,15.9436622563,16.4721956039,13.1043278073,13.0848540297,19.0550414962,19.0135436523,17.4525373354,21.0583601433,21.9410462567,22.037451289,25.6963994356,23.6673092504,26.3030546502,25.7258331461,22.7574133022,24.2708747926,19.8432910784,20.8225147343,17.7128859839,18.9624530312,17.0217896997,13.4148028447,16.4628921103,12.2156040445,16.3566537778,14.3374705293,18.7163768849,20.0069458274,14.343650201,15.7247190146,19.4296746849,18.1725580259,15.3895419869,20.0887121589,23.573895679,19.3158456415,19.7533709066,24.8693309731,24.0890847081,22.2808997972,26.3070236455,20.4052694596,23.4234977094,18.5018480961,15.6717907148,12.2765201155,9.86398143776,8.15819163358,4.8979270604,8.46053097295,4.33889287409,7.08396060899,10.0913522219,5.08562594286,13.1384847418,12.0597985398,9.87956737382,6.02808844761,9.08826503506,4.87431645799,14.5642995713,11.4416879318,11.207160774,12.2015911975,18.0116105619,15.2867911771,15.8198046155,16.1280741831,15.5185961571,10.8848533579,15.4908967754,18.7540697415,16.5165281053,16.1717967913,20.4773580128,19.4881092018,19.6699872335,19.2636283049,17.5564276582,20.232038351,18.3006676441,19.6369251648,21.002866863,15.5523525623,20.2082897298,23.0102477992,23.5625148609,22.017071621,20.2402698291,19.6224182411,16.6878386708,17.1730227462,16.67925359,11.8820787042,13.7639585597,13.1094099816,17.2349016463,12.5621005077,17.9071805133,21.9396013674,14.07889423,13.7216220191,18.8070953145,20.0146372805,14.3861405877,17.5009345043,22.955315211,21.5691188719,20.514707491,15.951544901,14.9987651144,13.3016584636,11.1145714767,11.8961334307,7.03464948577,12.6976732596,8.59673848145,6.02059770562,7.0428474137,11.0307721293,10.4028385421,10.6566801773,5.74325615845,9.11612321542,13.2141189761,10.3719947469,8.3523861424,15.0392877709,12.8370025846,13.0088800574,13.7125361342,18.3027420565,19.5643652995,17.7710019761,20.3987997273,22.7738267141,24.4070432215,22.83676069,25.0515882976,24.6296392933,20.3613092205,20.1051004449,15.8242933102,11.942432159,5.3197475561,7.46076243655,0.0,6.88170350167,9.09738661179,11.3781847628,14.221056641,17.683324097,18.5762162501,13.5404988113,17.1017054264,21.3248192198,21.9840578243,17.0383838091,20.4581751541,15.9536576916,14.0886404835,15.2804979491,13.0605702868,17.3962364328,15.9310094313,20.0067919115,18.2697621608,12.204497968,16.2415529436,20.0681778633,13.945024486,11.7336900356,19.8721185551,17.4818648649,13.8933742765,15.9696167579,20.2088804741,18.5574204034,16.9998608621,20.3334757407,23.3789315409,22.8663444512,23.4695287746,24.3997435414,18.6850987397,22.0160409352,23.3001785823,20.1578328753,19.3606913254,1AUG ,1
I,I,I,I,I,I,I,I,169.0,I,A,0.00507614213198,169,I,A,0.00507614213198,I,-0.8282,I,0.2156,ILE,169,1.7809766065,1.87156675355,ILE,169.0,1.23560690026,1.28353603508,0,1AUG,I,169,I,28.5830170436,25.5826560378,24.0884511344,22.5050999451,16.7424923373,16.0829298614,11.6758164885,11.2506982571,10.7662652877,10.0257062697,14.5619152359,14.2635570005,14.0946409596,16.3469975236,17.2838377742,13.4562043958,16.9912663071,13.188063132,9.01281662199,6.95421347929,5.82167269258,12.1173171703,11.0316267291,6.9343301587,8.65460917465,13.8282610178,12.5649185417,12.1772796465,16.9863823604,17.8528672617,17.3164233621,21.2578155728,19.1088155155,22.2563778738,23.1651004875,19.6950739726,21.3052620378,16.1102877144,18.1531047752,14.0980379549,17.1060859253,14.7954772443,13.5481349728,17.058625219,13.1495439959,18.3921326154,18.6860449541,22.9648361663,21.4069709696,17.0504123829,19.2852883451,21.7631953777,19.0113119043,17.1295960422,23.0962910654,24.3221858112,19.4146551208,20.8936285086,26.0875886935,22.7095117359,20.7083674966,26.3934694469,20.1761415183,22.8620458762,18.0413021247,16.3940643225,11.4758582462,11.19162575,5.92299439364,4.59195802204,5.32932490106,5.48975690372,8.03220141447,9.34497927564,8.8834699827,12.5774974041,11.7017301315,6.39255546938,7.41835009618,10.0020383601,10.1516275613,18.4993486321,17.4053187196,17.089987339,18.9506992319,24.2885377567,21.8878492253,21.4193420837,22.2757126101,20.6607588626,15.2867866304,18.8044189433,21.7613463319,19.5352548774,16.7933985503,22.1817613179,21.76693714,22.9683632259,23.4991898835,22.5312286597,25.8061485458,24.404992101,25.2175320452,27.2434523027,21.3013626781,25.7118909705,28.5718340034,29.6677712342,27.9411297514,26.0369667081,26.080770974,22.9668002934,22.4477501621,21.895967289,15.5950615177,16.9287320863,14.5572539539,17.8412866416,14.8393349499,20.1487257823,21.7164759044,13.5443778748,13.7231545835,18.2513180169,17.8908808591,11.4695787793,16.3174726594,20.6204371817,17.1475141766,16.7182434714,11.3907662897,11.8138523766,11.6290775047,11.7108806931,14.5577641923,11.6571715918,17.3182547676,15.0948165071,12.8180114632,13.8096540237,17.4138522191,14.7446475213,14.4040355179,10.1733396555,15.5577001526,17.9901325875,13.4860502853,13.4445692365,20.8128321328,17.7176648633,16.0469831301,17.8687523793,23.0659130182,22.8703225303,20.7471639512,24.6321381506,27.0507966535,27.7409762447,24.9724311141,27.8113028043,25.9922998828,21.8285166426,20.6402284635,18.0414813784,13.7706723114,9.03841532335,7.09849246636,6.88170350167,0.0,5.30518796852,9.62091823702,8.55566819001,12.2296721682,12.9166803204,9.71076549764,13.624391749,17.2623165719,19.2574864794,15.382859194,18.9433904207,14.0722115454,12.6103588211,11.048274717,8.12618985415,11.1121683852,9.17015588911,13.1895291664,12.3354470462,5.52666792845,9.62198758345,14.407736537,8.63924192634,6.68811960304,14.8374306555,13.3632710756,10.8485264632,12.9061823912,16.8664745307,16.5045488013,15.8384228151,18.5385798248,21.5340487061,21.8995270133,23.9131453903,24.9447126126,20.2211682733,22.6392300538,24.5900772101,21.4510224099,21.4086444256,1AUG ,1
P,P,P,P,P,P,P,P,170.0,P,A,0.0,170,P,A,0.0,P,-1.058,P,0.01561,PRO,170,1.76507602257,1.86893480059,PRO,170.0,1.06695411438,1.19096494586,0,1AUG,P,170,P,31.7817725483,29.6392708415,27.7796352467,27.2591748437,20.9737825925,21.1554872962,16.403518931,16.5169276291,16.0050201157,14.626423721,18.7728769591,17.6355956711,16.5800225784,18.6193585558,19.116624737,14.5489352657,18.8096436067,15.2847085887,12.62316301,9.03072494642,10.3830911897,16.7153132895,14.2191646049,10.647465125,13.5032679982,17.5876861079,15.1241327614,15.8303006407,21.5742836663,22.2009509917,21.0322492053,24.6249752318,21.5968920532,24.7873505545,26.0688937402,23.0126098031,25.4622587238,20.1537261258,22.9907697432,18.9357085794,22.3429232017,19.5639312578,18.6411518864,21.7392675653,16.9847846372,22.4335246539,21.9369001695,26.660242189,25.9025643343,21.5067536707,23.7786801669,26.593807304,24.0769249714,22.1752008135,27.880658875,29.5664491958,24.6998460155,25.9683581323,31.2198205387,27.9620771865,25.8692940546,31.4570927361,25.0874425565,27.191144687,22.0779587473,21.1339211483,15.7543287109,16.0053921897,11.106673166,9.32973583351,7.18126144578,5.95603169338,7.85805421201,6.26494171274,7.83557697569,7.65824935643,7.99526690778,5.6594158509,6.78566329352,11.0523429439,11.8575318522,19.0892487157,18.8627825415,19.7141351909,20.7849746138,27.0556361148,23.8525067493,24.417552005,23.6558681032,22.6026021252,16.170543501,19.9050142763,23.634153224,22.6933783612,20.1466543556,25.967659926,24.6606650593,26.3455784143,25.1948077819,25.2243107305,27.5221940007,26.126794409,28.0527900358,29.9482338703,24.5820391036,29.2567251852,31.9981683613,32.6408271642,31.0935807044,28.9605868982,28.2077905033,25.113934708,25.7057057776,23.5745674949,18.152327838,20.1535053399,17.7213127947,20.0529110125,16.2764133276,20.0785013857,22.7064423041,15.1712777072,13.3452630319,17.2393394322,18.2133839597,11.4085773241,14.1390792475,19.5977841101,16.4955459541,14.7198365046,9.53995977672,7.98415846776,9.54642574071,9.8005286417,14.0918673666,11.4076579008,16.8691345985,15.313133406,14.4839504324,14.7010444998,18.7513322748,17.0329559436,17.8347103643,13.4340655098,18.1237598196,21.714779811,18.0541495776,16.7388537584,24.0499071623,21.6261329748,20.5031412094,21.5670225715,26.9751832716,27.4793572946,24.9591310277,28.3278747135,31.2574541346,32.2991532389,29.7168704663,31.932726211,30.4030143352,26.2872683886,24.0038208817,21.8111042275,17.8823560363,12.9623611115,10.4802391202,9.09738661179,5.30518796852,0.0,7.8456444468,8.15027892528,9.53588404981,11.9467826643,9.46927747726,10.4405577891,15.0133521878,17.6537039082,13.516680883,15.0019441483,10.1883185629,7.73990893707,6.78078502154,4.18990445092,9.08056077387,10.1538088677,12.9802133055,10.2398537122,6.05590107175,11.4315015567,14.2077042808,9.36481244461,10.0928676884,16.7600720202,14.459798704,13.2778632133,16.2273108566,19.3870271765,18.2236239658,18.7428020796,21.7092481458,23.8747264358,23.6076550907,26.5752389847,26.6444034835,21.4544961882,22.9297087769,24.5655074939,20.7185945598,20.2668016172,1AUG ,1
Y,Y,Y,Y,Y,Y,Y,Y,171.0,Y,A,0.19391634981,171,Y,A,0.19391634981,Y,0.5227,Y,1.394,TYR,171,1.63197283963,1.76963113979,TYR,171.0,0.944013020866,1.09094836296,0,1AUG,Y,171,Y,38.1934670525,34.9824320218,33.6704318529,31.3828753997,26.1990162274,24.5842824371,20.7539086452,18.8808303205,17.3561494696,14.0990269643,16.3234520599,14.2900554761,11.6707573064,12.993883022,12.995390928,8.66809971101,14.2112319892,12.2553359884,10.5448295442,8.05728965078,10.8469838834,17.092876101,14.1485121529,13.474232494,16.4859762235,18.2892656783,17.4379527765,20.4504370144,24.508684516,26.0753268535,25.6995124457,29.9315341359,27.8519413364,31.2242086869,32.6581664134,29.1433066766,30.46687898,25.1773104737,26.6643866916,22.0391119457,24.0010152782,18.8859432963,18.8404018722,20.1623908421,14.2300616752,19.6787921738,19.3401243809,24.4250390085,23.6529843146,20.4122018755,23.7808589964,26.0980152319,23.7991646243,23.6256031163,28.4397585367,30.2582401715,26.2527885056,28.4550375676,33.3289459108,29.5988501358,28.5771256348,34.573241775,28.8393629303,32.1911017018,27.47681438,24.9820706425,20.8420432272,19.1016510173,14.6372698393,12.1906242405,5.73797156928,7.1648938608,4.80504873009,3.56751657836,10.4371781773,10.7824388122,14.1494490832,13.346461229,12.5219418826,17.5804853929,15.7341467453,24.437349803,22.0728388363,22.2810468742,21.8586566593,27.5069875279,22.9398620721,22.8159385695,21.0307276533,18.9934534077,12.0701713055,14.2513439625,18.0178834396,18.7844544108,15.9584604584,22.2288056326,19.7890388492,22.6375574426,20.1964661763,22.0645905013,23.8799331385,23.469270556,25.8162816873,29.1631234501,24.3800580961,29.7574579005,31.2823364461,32.7482825208,31.684346091,30.9480118116,29.6911434754,27.2123355747,28.1971707775,27.611598929,22.9901817355,24.8568263789,23.3260306344,26.6800847373,22.4166486417,26.5787104418,30.1069399397,22.2373974954,20.6490341942,24.7970424344,25.9723639021,19.171564849,21.5862332011,27.4171383224,23.9643836811,22.2221114645,17.0219959361,15.0261409053,17.1385799575,16.4746518631,20.0872910672,15.551104677,21.3122794348,16.6892655324,16.1880354891,15.2449103796,17.1402922694,13.8111628247,15.675379875,12.8113715529,18.4555230168,20.8591731419,18.842506341,19.5753474928,25.3217591274,22.6702209546,23.2565652515,24.8480864574,28.6983930595,29.2991936995,28.4764310645,31.5289762243,32.9350797438,34.4148407626,32.6706569879,35.8473749504,34.6816276942,30.4000830105,29.9081053713,26.5262858918,22.2594977445,15.9020884316,16.0810137827,11.3781847628,9.62091823702,7.8456444468,0.0,7.64369843823,9.73727118186,10.4052707069,4.87412734529,6.43714617066,10.4307410833,10.9471965847,6.0531702292,10.3151064321,6.02480498696,7.71849169207,7.84469918462,10.4305005569,13.3370956647,12.4743772361,16.8193849257,16.0208232287,11.4732558189,16.2498060203,20.9043346616,16.4287388107,15.9203698219,23.2494099619,21.7902003396,20.1513378735,22.4512136773,26.1573290853,25.5442438204,25.3066371284,28.1349013084,30.9148025784,30.9098954644,33.0978995007,33.6549077844,28.1686169485,30.2129889806,31.6252901602,27.6670846054,26.6983778131,1AUG ,1
I,I,I,I,I,I,I,I,172.0,I,A,0.0456852791878,172,I,A,0.0456852791878,I,-0.2134,I,0.7517,ILE,172,1.61508537498,1.71812773365,ILE,172.0,0.989241108659,1.02222975242,0,1AUG,I,172,I,34.5860555254,30.8886018024,30.7215388182,27.7390067434,22.7723599119,22.0636515262,17.2875568174,17.2917592633,15.0725020734,14.6102726423,15.860746107,12.793181951,14.7028936743,15.2865057714,14.7530025562,9.34902738676,11.8850613658,8.3090211905,9.47557960954,4.26285150801,9.16032390328,13.1686000063,8.55171890099,8.23148649496,12.4678180908,12.5714442895,10.409472673,14.9925994662,19.4289796485,20.881391795,20.0658595154,24.2809738644,22.4812199957,26.0578426483,28.6134226128,24.8329587481,25.9512167883,20.5102853882,22.6126842014,17.675723781,20.9273716418,16.345777881,18.0945474914,20.1512112848,15.7141380004,21.4182953608,23.0400124841,27.5649490444,24.3239981425,21.8682809729,25.3071379571,26.7284757016,23.2794238843,23.3715152775,29.1999110099,29.0736969935,24.579349559,27.3313317602,32.1343034835,26.5178089126,25.2908865237,32.2905346839,26.5496193085,29.4883228122,25.1987208564,23.654358471,18.9722092147,18.7029956207,13.0443792563,12.3434121086,6.62325823384,10.6990723341,10.4401336356,9.58851285552,14.6807954675,14.122220546,15.886615155,12.1040869709,14.4152682441,17.9007156206,18.2415237405,26.5283459962,25.4225574518,25.1652582425,26.2133294854,31.4281905078,28.0236164818,26.9795218032,26.9802625615,24.423008157,18.2742534224,20.0954631565,22.846185874,22.1618354582,17.6094240006,24.00850821,23.034438268,25.8638496734,25.7195470008,26.6675561681,29.6698899438,29.1796903338,30.3209883572,33.6026781492,27.9136941143,32.7782041595,34.8529932415,36.6385753434,35.1700195485,33.9789225228,33.7359891313,30.8625816517,30.5400513353,30.2574010158,24.1471335559,25.4191260024,22.8413378161,25.6643317915,23.031910563,27.6298467965,28.6690037681,20.9672475974,20.5194887715,24.163496192,23.5190773758,16.9714303397,21.1515072926,25.1261606652,19.8847985053,19.3082172778,13.928683832,14.0809382548,16.7200125151,17.7907430627,21.9043217855,18.8651396286,24.6422218488,21.6802975149,20.1334063097,20.2314945912,22.7648722846,18.5552840263,18.879999649,15.9568564419,22.4249924716,23.842567904,20.0004917991,21.5997514173,28.3461099086,24.9142851479,23.7310079692,26.0995938477,30.654728586,29.970522549,28.6942272401,32.814421592,34.4398527024,34.974503992,32.1350865455,35.7284124775,33.3961363391,29.3462308166,28.3471253602,26.2595622883,21.9112877468,17.1204351281,15.4534318162,14.221056641,8.55566819001,8.15027892528,7.64369843823,0.0,5.31513835699,4.40993445656,4.36623843676,7.68024279066,9.49389257489,12.565858814,10.7396227176,14.6514660886,10.5701044679,11.6153966992,7.12553256828,8.26039531189,7.77204201075,5.19479628419,9.7727384975,11.1439745261,6.8705039473,10.0351196568,15.6645854898,12.4728312426,12.2415365902,18.046165861,17.8996145192,17.2159088569,18.9220188857,22.0862473113,22.7970302547,22.9571079396,24.9850003168,27.7262695077,28.6073884789,31.4982853023,32.4141509119,28.0736166514,29.700039584,31.7349880818,28.2485046402,28.1525186619,1AUG ,1
P,P,P,P,P,P,P,P,173.0,P,A,0.314465408805,173,P,A,0.0125786163522,P,-0.678,P,0.3466,PRO,173,1.6365567951,1.69559685475,PRO,173.0,0.748071988795,0.82468594319,0,1AUG,P,173,P,37.1026971409,34.1218594046,33.8094266974,31.748229836,26.274732155,26.5196438009,21.273462115,22.0883641484,20.1209371982,19.7081210108,21.1144667258,17.7800398573,19.2489427202,19.6681436235,18.7820593887,13.2105674499,15.5980004736,12.643449709,14.7398563216,9.56703563821,14.2728433717,18.1661126857,13.1461018877,12.4782868965,16.9359137977,16.8202480688,13.3614418268,18.1360966402,23.4705592321,24.5113201989,23.0313008664,26.7627957659,24.226941748,27.7847648644,30.8334476853,27.4111623045,29.2696117581,23.7847183862,26.7368708088,21.9612132683,25.8193800767,21.5575279576,23.3043986417,25.4496691207,20.794035065,26.5240464801,27.6742072074,32.4086873439,29.5799237691,26.9742602611,30.2749719472,31.942239278,28.5515993349,28.3306474627,34.2432488568,34.2466226751,29.5958466859,32.0992827219,37.0183053549,31.3717026794,29.87874339,36.8515160752,30.8842746663,33.1900856486,28.6900611424,27.9265970075,22.6572061708,23.131066716,17.388623788,16.5803411141,11.1079189281,13.8048492075,13.5256836197,10.8003447548,16.7459944042,13.1106271125,15.6205508578,13.4560809387,16.305734096,19.9985315066,21.1971614673,28.478319588,28.2900232236,28.7485122154,29.6004668879,35.4299713659,31.7184370061,31.356933881,30.4682231202,28.3523235277,21.656957327,23.6137684121,26.812040648,26.8687208853,22.5185189316,29.0186896616,27.6104852501,30.6522608517,29.5321924487,31.0138128478,33.4184094056,32.8751760026,34.6681929218,37.7262438129,32.2805736228,37.2153235165,39.3933342193,40.8190041324,39.3843114548,37.8447914737,37.2222720268,34.2686342932,34.4856900326,33.0558179259,27.2433922735,28.8533934434,25.987336874,28.0108596082,25.2711442647,28.8194398955,29.9593515154,22.9368345551,21.4992666474,24.3127024515,24.168652687,17.8036616345,20.6435579899,24.648614498,19.3521374352,18.0484476764,13.380978041,12.8090269836,16.8093590703,18.4289415127,23.2607638515,20.8698600088,26.237041942,24.1801599392,23.3822838084,23.2215556667,26.1827124087,22.7241219824,23.5778063371,20.3311106347,26.3124287207,28.5236993025,24.8188220068,25.4412784427,32.4757479241,29.4062530288,28.1539432553,30.0830509044,35.0769482164,34.713248114,32.8831803022,36.856254137,39.0447969508,39.6660001385,36.7011062102,39.8111703363,37.464669702,33.4755882447,31.4326898139,29.9306076109,25.7830859739,21.1563556935,18.6592673493,17.683324097,12.2296721682,9.53588404981,9.73727118186,5.31513835699,0.0,4.54673419303,8.04901844616,5.98929644675,7.78145553966,12.5829357492,11.5419929745,12.5588697552,9.32270940637,10.2607946545,4.52068752601,7.64930793738,6.02485716071,7.88740934598,9.40584702012,9.45770560584,9.05106100429,12.0930147394,15.408923938,13.7593270913,15.2519943885,19.5092063793,19.0053976069,19.4759063971,21.6888790073,24.0898867767,24.444284744,25.5515717995,27.6241731362,29.6637006118,30.2356391743,34.0129454693,34.2476341904,29.9017620911,30.6775877963,32.5876274244,28.7904531286,28.6268189129,1AUG ,1
E,E,E,E,E,E,E,E,174.0,E,A,0.506726457399,174,E,A,0.412556053812,E,-0.05108,E,0.8932,GLU,174,1.39846566099,1.50455625001,GLU,174.0,0.707727140567,0.736129372458,0,1AUG,E,174,E,37.573045367,33.6907575818,34.0760501985,30.6843025266,26.0617879893,25.5235156021,20.6741398154,21.0337849472,18.4460426507,18.3364819378,18.4234912572,14.4799612972,17.3421855795,17.1294430802,15.8986810414,10.4575669466,11.5074647679,8.75016364357,12.5614758928,7.86233623572,12.9954956119,15.5503503548,10.1086991427,11.3251314743,15.7054643856,13.8176747391,11.2976851723,17.4390631934,21.5578130527,23.094822471,22.1157324634,26.2067587642,24.5774094407,28.2064791989,31.4320062332,27.6310818636,28.5924570917,23.2282345926,25.4064363307,20.3907356988,23.7449907058,18.7508815469,21.5173724512,23.0947502987,18.8653030938,24.4160272603,26.534248089,31.000449127,27.0894493922,25.4045231308,29.1176704114,30.1197255179,26.4365985323,27.1295970666,32.9118971735,32.170428577,27.8561144003,30.9808477046,35.5933963923,29.131252024,28.1618041134,35.5647624849,30.0449758221,32.9280819663,28.881304998,27.5384067121,22.8961604273,22.8248059586,17.1357790523,16.6822682241,10.7077928941,14.8876465993,14.1510454953,12.6736016423,18.7096150488,16.7673984878,19.132944593,15.8243034193,18.5313762038,22.0072418344,22.6121627052,30.718990928,29.7819067896,29.5582785087,30.4743850453,35.626397057,32.0085469277,30.7828653128,30.5694855867,27.7531437291,21.5816725512,22.7078560371,25.2170387476,25.0873837399,20.0052382125,26.460066917,25.3971578524,28.7502038035,28.4595414267,30.0408194277,32.9280403507,32.7526401964,33.9460982474,37.5853012762,31.9795611604,36.904230286,38.7603867363,40.7610280396,39.3541695447,38.3291110885,38.0525041861,35.2262931748,34.8970934048,34.6327505415,28.491789179,29.7178743535,26.9894411634,29.5622968121,27.1858238158,31.5161379868,32.1654141275,24.7683124326,24.2046884532,27.4158966652,26.5590145511,20.2397388355,24.1374734439,27.6988578232,21.8617874665,21.3454899694,16.3923607216,16.6132653088,20.0098425709,21.4687237842,25.8945138483,23.0257719607,28.7281239336,25.7887832981,24.4327016781,24.3578612978,26.6150109737,22.0789491666,22.5245889843,20.0321034754,26.6292064509,27.7259696609,24.0171764112,25.98682669,32.622015153,29.0912962819,27.8998889792,30.4270144248,34.8660629445,33.9526666213,32.8541609161,37.10657402,38.5406064474,38.9439990521,35.9930123463,39.803063062,37.2105026363,33.2545209512,32.1919918718,30.4270208092,26.0984958226,21.4859913155,19.6788710072,18.5762162501,12.9166803204,11.9467826643,10.4052707069,4.40993445656,4.54673419303,0.0,6.66804543862,7.61888327733,6.93480263152,11.0313729095,11.2371575038,14.5774470742,11.6161255924,13.6377033715,8.45547008299,10.9927540059,8.62245168998,6.85913746169,9.82729850485,12.3169054768,10.2602256293,12.1490189931,17.2838261639,15.4813302841,15.8053522871,20.3027038074,20.7016012909,20.7155415068,22.2510891637,24.9707485236,26.0927328584,26.5885607251,28.3128005947,30.8718022581,31.968686437,35.235398578,36.0928750312,32.0069982872,33.2835860253,35.3737711272,31.8375652449,31.7984821244,1AUG ,1
Q,Q,Q,Q,Q,Q,Q,Q,175.0,Q,A,0.0355555555556,175,Q,A,0.0355555555556,Q,-1.045,Q,0.02643,GLN,175,1.54449041579,1.52246000946,GLN,175.0,0.939635594828,0.831271044816,0,1AUG,Q,175,Q,37.3191817008,33.3711515956,32.9703322348,29.5621074623,24.9713599358,23.2186221706,19.2209807803,17.757486289,15.436440666,13.3882617243,14.1279322301,10.9986320078,11.2631426806,11.6850816913,11.0852859049,5.68876619667,10.0065937522,7.63117257931,8.07352034181,4.69186711741,9.11865245605,13.8447522281,10.0217126325,10.7694690861,14.2349739085,14.2769628711,13.6707661003,18.0423323267,21.5164938131,23.3676483125,23.1115039835,27.5448686384,26.0600983864,29.5731883257,31.6332231972,27.7838419121,28.5112660796,23.2058917865,24.4734012051,19.5219095651,21.6393884449,16.0030785765,17.4639340241,18.6219019365,13.3784653974,19.0074438153,20.3141589771,25.0291068283,22.3548109003,20.1330370338,23.9382577051,25.3987166364,22.3713874255,23.0216138123,28.2115457595,28.7105943401,24.7140491531,27.617195848,32.2864554479,27.1862451879,26.4460452368,33.1892848757,27.7147984195,31.2802116682,27.0035559992,24.5325820079,20.5260553874,19.0320148582,14.0020234531,12.5086018124,5.34809159964,9.76601391738,8.12466849018,8.03954567161,13.9945729073,14.434540946,17.0889078281,14.3462705737,15.0464285466,19.2635740149,18.1189692601,27.1141666036,24.9034454466,24.4632212345,24.7293165682,29.7193449283,25.6931534004,24.5094263204,23.9769154822,21.128694002,14.9485588393,16.15739842,18.9345969229,19.0181689745,14.683842139,21.2355680368,19.576815732,22.8006752311,21.9268283431,23.5823943135,26.2742438493,26.1442798751,27.5458368333,31.3423070051,26.0453881371,31.233981341,32.7483044534,34.7773042379,33.5648351707,32.9947856308,32.3991568285,29.8355323915,29.8922507143,30.1785189655,24.676192138,26.0472499573,24.1162649402,27.546467508,24.222770073,28.9873029064,31.1044115103,23.0987268397,22.4503156068,26.5246234535,26.5178404694,19.8012959214,23.5034719324,28.2825101571,23.6616039739,22.7406121679,17.2979285979,16.5870734763,18.9227860697,19.0937281047,22.8134378042,18.7527843377,24.6918734419,20.3465702331,19.0009601138,18.5922318609,20.227749342,15.5596930422,16.4405803068,14.1631168295,20.7472857229,21.8635924811,19.0477742949,21.1808542767,27.1122953436,23.7696291295,23.6518945692,26.0076052987,29.7974630646,29.468446245,28.9580443498,32.6723357823,33.6597586087,34.6003882701,32.3973593335,36.2329882129,34.4010104613,30.2187112147,30.1020879837,27.1257256133,22.6771628379,16.9543864562,16.7504679313,13.5404988113,9.71076549764,9.46927747726,4.87412734529,4.36623843676,8.04901844616,6.66804543862,0.0,6.81305486545,8.59763599995,9.72699101865,7.15143522122,12.8569307356,9.06775293377,11.3126815238,8.64895375679,11.017469164,11.8631835394,9.22372909952,14.1220711848,15.1403322299,10.287359185,13.8960751367,19.7365708399,15.8540250719,14.9283909171,21.7289071697,21.2974241274,19.9071030489,21.5979800368,25.2378960562,25.625103252,25.2702004578,27.5561585879,30.597827599,31.2725726775,33.5427979858,34.5902015426,29.7572364228,31.8383517266,33.6357891736,29.9986738392,29.4993314076,1AUG ,1
T,T,T,T,T,T,T,T,176.0,T,A,0.151162790698,176,T,A,0.0116279069767,T,-0.7149,T,0.3144,THR,176,1.62015625412,1.65219986844,THR,176.0,0.729542009511,0.81756690711,0,1AUG,T,176,T,41.0818618818,38.029936699,37.2109261587,35.0110115739,29.6398025652,28.9011114709,24.2979091947,23.6469058213,21.7204385456,19.6030386706,20.8736448688,17.6334626636,16.9143100358,17.2531692568,16.287072846,11.1866983065,15.2042946145,13.4852315478,14.8160218693,10.7473151591,15.2369484643,20.2507722782,15.7820328644,15.7315864891,19.74739958,19.9513857009,17.8388166993,22.3765360941,27.072366043,28.4894965627,27.5216668137,31.5431419822,29.1390544084,32.6616247618,35.0643794041,31.6059737385,33.2621381521,27.7790769376,30.023188869,25.1595784918,27.99889008,22.7498983811,23.9413241503,25.2794878161,19.6970937868,25.243677028,25.5623483015,30.5829129259,28.8959838711,26.2874619099,29.8269686964,31.7807850263,28.9841802867,29.0922996956,34.3036145322,35.2944330052,31.0886757488,33.5857230672,38.4770122995,33.6217960774,32.5212035603,39.1496741094,33.2944992183,36.1932878271,31.4997782452,29.8154313096,25.0363003041,24.2993330194,19.1035010273,17.3127737906,10.688702906,12.7762513848,11.1370631886,7.91154713625,15.4404396281,11.8676430136,16.0762620161,15.7853924747,16.627640178,21.4532416491,21.0435884147,28.8865838031,27.611905402,28.2075176029,27.9796788967,33.8718147422,29.2645928848,29.2240681995,27.1478906045,25.1048215816,18.1537005412,19.6471858984,23.1966969626,24.5181769892,20.857408169,27.3715741503,24.9555382858,28.360210344,25.7405170039,28.2433885851,29.8354597511,29.6281639003,32.1443205547,35.5782759782,30.7961456248,36.1295740237,37.7042568339,39.161908227,38.0679499117,37.099866703,35.8125810595,33.2151771784,34.2190448579,32.9412784302,28.0537631555,29.9709641792,27.8221661137,30.4323554799,26.6166623228,30.059663296,32.8828498841,25.5098141791,23.4611939929,26.7458462351,27.7448486839,21.0457619057,22.8917942157,28.2419306107,23.9966315414,22.0009954802,17.2740707786,15.1975753274,18.9189454815,19.321167245,23.8618907237,20.2965776449,25.7361316363,22.2771621818,22.1403669227,21.2292512328,23.3910139063,20.1130512279,21.8923968189,19.0967169922,24.7872882689,27.1867691674,24.7417771417,25.3864163528,31.5869329252,28.8672664657,28.8713424908,30.5407431261,34.8342508482,35.1420772493,33.9477562562,37.3132604773,39.0238962228,40.2419304422,38.0422249316,41.1992264097,39.5497748727,35.3563346315,34.0231891292,31.50251434,27.258589205,21.4836035987,20.3743924319,17.1017054264,13.624391749,10.4405577891,6.43714617066,7.68024279066,5.98929644675,7.61888327733,6.81305486545,0.0,5.3157405354,8.37531765189,6.20579978577,7.12945141795,4.24666980593,7.67609479498,5.32898038287,10.505121868,11.5071764304,12.4024891961,15.2266765586,14.5791234734,12.7574307198,16.9014257354,20.5933213878,17.7951601391,18.6157815163,24.345690946,23.2401627294,22.8737093665,25.308372904,28.2979550744,28.0173010814,28.6649977209,31.2079336587,33.5024605177,33.6378378033,36.8280134788,36.9984172762,31.8612879256,33.0441940588,34.5590883644,30.4094578329,29.6081111005,1AUG ,1
L,L,L,L,L,L,L,L,177.0,L,A,0.646766169154,177,L,A,0.213930348259,L,0.4113,L,1.296,LEU,177,1.37778639744,1.53141320608,LEU,177.0,0.513835687154,0.626345994866,0,1AUG,L,177,L,43.9398015343,40.2453883903,40.2021574112,36.9690573223,32.2544420389,31.2146838094,26.7092787034,26.0860779333,23.5548536772,21.909491481,21.6461558552,17.5181980689,18.2800387582,17.5981055998,15.8651404429,11.0449254767,13.2533762506,12.5886669716,16.2101724413,12.4721892961,17.4936473699,20.984553998,15.9554920858,17.5156292913,21.6690434052,19.9044855208,18.1503635129,24.120850992,28.0286120889,29.7571512514,28.9418932865,33.0747562133,31.237934903,34.8520101234,37.832658908,34.1284262555,35.2114519092,29.8081048934,31.7116296989,26.6465435412,29.2950485388,23.3709233365,25.7968314744,26.5002409705,21.3421837034,26.6627588183,27.9901749014,32.7705959017,29.9047715478,28.4094692888,32.3984628415,33.6433613311,30.4942552364,31.5461756371,36.6955115709,36.7963418839,32.8931915012,36.0177900875,40.6211070654,34.7008838911,34.0630533187,41.2364994719,35.7548667351,38.948124788,34.6453984774,32.7878653753,28.3100313301,27.4593650434,22.1292108186,20.7866304826,13.7532161877,17.1125140997,15.1687310008,12.824410492,20.3505460218,17.1308750355,21.1875087047,20.0626712297,21.4509602428,25.9838030916,25.5868712158,33.8125871837,32.2847651651,32.4434991106,32.2663109358,37.6530352139,33.0183700792,32.2453264479,30.5421126931,27.8299836237,21.3528260354,21.6935623598,24.4983032827,26.1112052251,21.60669437,28.09536382,25.8268433168,29.8253023186,27.6784363388,30.7052646078,32.5490929312,32.8305546101,34.9410335272,39.0060590845,34.151953834,39.5059224197,40.7357327353,42.7242710078,41.6795495363,41.1321588774,40.0841506979,37.5792808089,38.171948561,37.6357020956,32.403721419,34.0362039566,31.7855503751,34.5407191272,31.1896247306,34.9761423445,37.0908783955,29.6495624539,28.1137637514,31.322046316,31.6466445017,25.0632795611,27.5210203342,32.2108897739,27.1310837911,25.6539089637,20.9766239075,19.6462258025,23.5574512648,24.3180748834,28.8624630436,25.265935716,30.8572734354,27.0155681796,26.5425171249,25.6724321793,27.2116404221,22.9609361655,24.4714795197,22.4297094195,28.6558783517,30.0777457265,27.6298797288,29.3836390381,35.347086624,32.2285921353,32.1778584137,34.3589578278,38.2907053497,38.0649269014,37.4032531453,41.0873409605,42.2222934743,43.1958165306,40.8910496096,44.6354284015,42.6202264098,38.4918101465,37.6464992444,35.2306039,30.8522083989,25.2466103035,24.2932483413,21.3248192198,17.2623165719,15.0133521878,10.4307410833,9.49389257489,7.78145553966,6.93480263152,8.59763599995,5.3157405354,0.0,5.51644912473,7.59218888018,9.69135217215,9.01866419263,12.9237637188,9.73055890391,14.6091716141,13.7475309421,13.5828399218,16.1743222484,17.2196586443,15.7842954709,18.758610158,23.090927458,21.0708173036,21.6311010903,26.7388458585,26.4756715096,26.3445363904,28.3132146865,31.2054752119,31.6616158447,32.216289908,34.3605131934,36.8366745749,37.4470957438,40.6607622192,41.163833562,36.3841029362,37.6000385091,39.3064422931,35.2958983688,34.678849281,1AUG ,1
Q,Q,Q,Q,Q,Q,Q,Q,178.0,Q,A,0.782222222222,178,Q,A,0.782222222222,Q,1.071,Q,1.872,GLN,178,1.13375263461,1.34333289989,GLN,178.0,0.444383720518,0.535109842143,0,1AUG,Q,178,Q,46.9116663101,42.7944085105,42.6680179218,38.8024787146,34.588683536,32.5349636011,28.7796917146,26.9601474908,24.3249355493,21.6388969717,20.573654318,16.5763495671,16.0320393065,14.7805950754,12.7609715352,9.44116304066,12.1458455184,13.1037729335,16.226240117,14.0888771653,18.4299702158,21.9419007791,17.7046762976,19.9962367115,23.5765640905,21.674186242,21.2812246232,27.0967411955,30.0435460293,32.1736284223,31.9357264366,36.3562496215,34.9579597545,38.5552071163,41.0879840007,37.222675226,37.7903915903,32.5195671487,33.5694609564,28.5046291157,30.0867207962,23.3612876841,25.6580275703,25.3749855177,19.9805688616,24.7068395671,25.8874174648,30.5566193937,28.1102463497,27.2014196417,31.464729265,32.5318013632,29.8229201475,31.5516598423,35.9403603622,36.4493525964,33.1655521827,36.4885531258,40.8256055167,35.3120562657,35.213677377,42.1502309448,37.0557882978,40.8932543546,36.7147477825,33.9758090798,30.2307374828,28.3400288872,23.6373385108,21.899786649,14.6500891106,17.9730639592,15.1708999763,13.8355136688,21.2829994178,19.4805326454,23.9073688861,23.0889177052,23.3394063049,28.2207186971,26.5685112816,35.3787792619,32.7409093017,32.574119377,31.6961286957,36.5357768313,31.4280623083,30.3439421834,28.2339924672,25.1581941355,19.2544525131,18.4080849432,20.809539394,23.4324548987,19.3104406353,25.45557432,22.5472901088,26.9712370728,24.1466078643,28.0555440123,29.5101613775,30.3355119601,32.542881277,37.1923937815,32.8715003775,38.3836081415,38.9228546717,41.2601937312,40.5101754952,40.7106746273,39.4238162065,37.3080761842,38.1121861161,38.3854240845,33.6851525695,35.279051372,33.6218961126,36.9978621176,33.1996869916,37.3180634013,40.2121993874,32.4012676887,30.9771810286,34.6758955711,35.3155572209,28.5526961967,31.0315663479,36.2810485008,31.5829604911,30.0686388654,25.1098772305,23.4596754695,26.8364317515,26.8596430625,30.8885529867,26.4465664273,32.0959430108,26.9539844216,26.5733266163,25.3038796587,25.703130947,21.0569486391,22.9607573662,21.8793876192,27.9340859671,28.7415280981,27.3595863064,29.7938253749,34.7509791464,31.7108824224,32.6087604715,34.863024101,37.8866620602,37.8658563761,38.0717455452,41.3977724772,41.7376511929,43.0274736604,41.3509088562,45.4301779604,43.8345529382,39.6354499046,39.7867404944,36.569479944,32.133428146,25.964555319,26.255241336,21.9840578243,19.2574864794,17.6537039082,10.9471965847,12.565858814,12.5829357492,11.0313729095,9.72699101865,8.37531765189,5.51644912473,0.0,5.62932562991,10.1642282783,10.4790140379,15.1249718724,13.6060985812,18.391100993,18.4455789238,17.1707404212,20.7839498367,21.9534649407,19.2016443154,22.4568790445,27.5908172556,24.736794247,24.483288311,30.5794658897,30.2459182629,29.3844904065,31.1978937208,34.6002915336,34.9544499308,34.9114240937,37.2031956447,40.0836185822,40.6417101172,43.1621157365,43.948440002,38.8175736778,40.5804996687,42.1304605055,38.0901063583,37.1726821067,1AUG ,1
K,K,K,K,K,K,K,K,179.0,K,A,0.419491525424,179,K,A,0.419491525424,K,-0.3264,K,0.6531,LYS,179,1.31644445017,1.44355108107,LYS,179.0,0.608204240956,0.60758739348,0,1AUG,K,179,K,43.8301333207,40.2009985258,39.3337092871,36.2817795107,31.586862803,29.5474333922,25.9084221679,23.729655226,21.6540808184,18.197525743,18.6112465862,15.6045206042,13.0477951954,12.9796401088,11.9315237635,8.25717577493,13.3424446023,13.1351204203,13.7407858523,11.7528536268,15.3682046963,20.4140033668,16.8712018725,17.8578961243,21.1265306486,21.0880750024,20.6289260503,25.1029601482,28.5409629101,30.4629351391,30.227799631,34.6132753808,32.8366195834,36.3297255315,38.1950313814,34.5173541717,35.4652273919,30.1697165603,31.3179189848,26.4489031959,27.9822520783,21.77567436,22.7581943427,22.9594449658,16.9647508482,21.929590697,21.9978484787,26.9836500282,25.8581429247,23.8148416947,27.7075935059,29.4893641512,27.2112618082,28.1109048097,32.4330990615,33.9378956894,30.4455511807,33.190285283,37.7703233812,33.4083701273,32.9471932597,39.2981964457,33.9225934313,37.6395202115,33.1459352902,30.3265291689,26.5276921171,24.4268481097,20.0496961524,17.7755545256,10.8044613688,13.0242092797,10.0147552565,8.67738436944,15.9483064509,14.9078147942,19.3227889329,19.1303638027,18.4589931449,23.6190205085,21.4858174657,30.1868265614,27.395815914,27.4912591505,26.4027875755,31.6166705622,26.4114650273,25.9519288138,23.4183821322,20.8761660191,14.3678540508,14.5837470583,17.9261318291,20.3384187832,17.1720830916,23.4073019513,20.2317633275,24.070620036,20.6353939929,24.1066950937,25.324173842,25.7181050783,28.3486512414,32.5072466352,28.2841152482,33.8523935552,34.6292764846,36.5265005054,35.7666233542,35.7179276192,34.1796377077,32.0486145154,33.2531599985,33.1069036222,28.8389158502,30.6564122962,29.276568158,32.7213228366,28.4283248493,32.4048212874,36.0766783514,28.2490356967,26.5248842766,30.4560076146,31.6869639222,24.8646525311,26.9397106123,32.7925953882,28.9374235072,27.088208217,22.0466798532,19.8632119458,22.6887468574,22.1289299972,25.85658857,21.1402227197,26.6974732811,21.409379103,21.2922231641,19.8708193749,20.5456248667,16.630827139,18.9544674857,17.3231681225,22.9243483044,24.5508097717,23.3918911835,24.9829235334,29.9324261681,27.2595395745,28.4442684088,30.251377956,33.4094044749,33.9451338678,33.8395073795,36.7931261876,37.5091585845,39.1014985551,37.6522865395,41.253067397,40.0984360461,35.8212719074,35.802849899,32.2675261233,27.9412342484,21.4454320273,22.0425766409,17.0383838091,15.382859194,13.516680883,6.0531702292,10.7396227176,11.5419929745,11.2371575038,7.15143522122,6.20579978577,7.59218888018,5.62932562991,0.0,7.8175772505,6.47711172583,10.8085031798,10.8314760188,15.1736092159,16.8365861763,15.9075230746,20.012938965,20.001184949,16.4321509475,20.6312546848,25.5020964684,21.7483800897,21.3754627282,28.2764969222,27.2357195349,25.9102570566,28.0389675079,31.6712046663,31.3741980799,31.1933091255,33.8616129419,36.7015980312,36.8430491746,39.0945747953,39.6959964822,34.1968147607,36.1342725898,37.4813763764,33.3831729657,32.2507734143,1AUG ,1
S,S,S,S,S,S,S,S,180.0,S,A,0.832258064516,180,S,A,0.490322580645,S,0.8887,S,1.713,SER,180,1.46358263567,1.60061514443,SER,180.0,0.431374035034,0.62130641474,0,1AUG,S,180,S,46.7160619658,44.1822634036,42.7166054235,41.1731380748,35.5430862547,34.6566416761,30.352011183,29.1133988428,27.5375055904,24.3362165126,25.8679334882,23.0112012724,20.2479422249,20.6381557058,19.7319432905,15.8342517424,20.5068422964,19.7267038663,20.3563728982,17.1582868183,20.9719481482,26.6401070459,22.5933702508,22.3883885764,26.0990465105,26.8276712233,24.9368051167,29.0228597983,33.810966027,35.2045342074,34.2519960483,38.1813101656,35.4176494585,38.8332422649,40.8343911083,37.6406858492,39.6311697891,34.1763058191,36.3820230847,31.6495080927,34.083109339,28.6225775451,29.0998779638,29.9966166516,23.8760398767,28.9499256229,27.9997935,33.1811404456,33.0874489206,30.2301576335,33.6071989205,36.0440370569,33.9226070668,33.8769284915,38.4377869754,40.4945950995,36.5572150867,38.7101096097,43.6243292204,39.697916507,38.6522050914,44.7876998573,38.8914578666,41.7910057803,36.8286165915,34.9406005536,30.2975353784,29.1217212636,24.543786654,22.1190962906,15.9312998027,16.3178272214,14.1303144151,10.4272519772,17.4732015529,12.5917239002,18.0606714247,20.3369043703,19.7561741536,25.1378211255,23.9489377327,31.0155047233,29.476955743,30.7284207579,29.3906469027,35.5895099253,30.1543058224,31.0880755756,27.2572337565,25.9598551537,18.9988861149,20.2397934328,24.2864779954,27.0900866035,24.6389090734,30.7773391574,27.3335995384,30.8175819942,26.1353886484,29.7015570637,29.8893848822,29.8595281331,33.5306060604,36.8465998215,33.0724423786,38.5898798015,39.7189017488,40.7739124515,40.0441323158,39.2941000639,37.1126106688,34.8795413817,37.0143266743,35.0021202657,31.4156176529,33.7672306158,32.1392665617,34.6457934549,29.946478204,32.403610014,36.8064855017,29.8302510469,26.7581587808,29.7680393459,32.1002953961,25.5689967446,25.6163956054,31.9504983287,28.8976819555,26.0043607218,21.9746396974,18.5434888736,22.2416916063,21.8150505084,26.1021257098,22.232161044,26.9344613897,23.1367611296,24.2229821096,22.5319515103,24.1703865208,22.1848283509,24.9758701078,22.4315416203,26.9428194145,30.1005272448,28.8891547386,28.6959985286,34.1014991826,32.1330771828,33.1295527834,34.1500498677,38.0525989329,39.2466589133,38.1526438236,40.7487840921,42.4942857589,44.3123057061,42.7455917093,45.4530663613,44.4933411917,40.2299198208,38.794409335,35.8282865991,31.7966074729,25.5113267184,25.0282735731,20.4581751541,18.9433904207,15.0019441483,10.3151064321,14.6514660886,12.5588697552,14.5774470742,12.8569307356,7.12945141795,9.69135217215,10.1642282783,7.8175772505,0.0,4.88687889009,8.4773129118,10.4110276226,15.4942593108,17.6139042538,19.4230742082,21.8666179832,20.068494785,18.9503979043,23.5739376948,26.3049988901,23.4237658023,24.5341382918,30.4729726432,28.6497321022,28.2069710106,31.047103405,34.0327471456,32.945122406,33.7353607332,36.6825516667,38.7141278221,38.2191341472,41.3483102445,40.9868851197,35.243790971,36.2187939534,37.2043928217,32.6800953436,31.238671914,1AUG ,1
A,A,A,A,A,A,A,A,181.0,A,A,0.248062015504,181,A,A,0.108527131783,A,0.2501,A,1.156,ALA,181,1.62184005001,1.67337408633,ALA,181.0,0.701930914102,0.749321041705,0,1AUG,A,181,A,41.9065008732,39.3494311036,37.843033306,36.3781310008,30.6764375332,29.8861299686,25.5319110192,24.4406685072,23.0159389086,20.0720710796,22.1955964228,19.6632694938,17.1906150238,18.0768084411,17.5540370104,13.1049898504,18.1131803585,16.5122427883,16.3164535705,12.8902811007,16.4532073413,22.4278078634,18.6388298305,17.8401897701,21.4354804391,22.8362622177,20.9012020682,24.4067976822,29.3148712583,30.6055483617,29.6743080585,33.6044224688,30.8689466636,34.2589503428,36.0836286813,32.863144297,34.8538306187,29.4221196639,31.6649817006,27.0254399852,29.6060521327,24.6005721778,24.7918933613,26.1683930374,20.1868877735,25.5286460436,24.73795838,29.9206118624,29.5823041812,26.3326571968,29.5512434784,32.0675772187,29.8126347776,29.4130556226,34.2663598477,36.2196318513,32.0671854284,34.084860544,39.0788259018,35.2613941187,34.0187306456,40.0717413817,34.0912284755,36.9094685252,31.9460690672,30.1453348258,25.4192719579,24.4016384729,19.729940811,17.3634137083,11.4018928463,11.7145998039,9.90829868342,5.87654650102,13.2787841427,9.20480583109,14.2126741822,15.6498201934,15.2237299553,20.5271584949,19.5352337496,26.945817822,25.5194604467,26.590489843,25.7948231347,32.0454456794,27.0825390148,27.8237568172,24.8192513459,23.438442754,16.2617996097,18.2976183955,22.4177930278,24.1956839266,21.5809470617,27.8438189851,24.9217714095,28.0178396638,24.3125365185,26.9531188811,27.83492995,27.4441396262,30.6378229327,33.7102391331,29.4210989189,34.8224710011,36.3459112071,37.3817787327,36.4316122639,35.3975213516,33.598402577,31.1332016656,32.8465620574,30.9717825481,26.8925036333,29.1403015497,27.3764943084,29.963557563,25.4497708996,28.3691849896,32.3691219873,25.15901448,22.4329425168,25.7598988649,27.731089008,21.0689867169,21.8262026825,28.0382188947,24.8636188819,22.2580038255,17.8006676292,14.6814432035,18.0518767424,17.6899593627,22.0059152517,18.1440269151,23.2416173631,19.6358042313,20.2226014107,18.9038621618,21.1253305059,18.9472665921,21.3291296627,18.316495466,23.1316470836,26.3465177839,24.5533414047,24.2805999856,30.1482896702,27.980426921,28.5489568048,29.6597268133,33.8682068303,34.8578117602,33.5264960086,36.3423854001,38.2829244946,39.9108699275,38.1135714159,40.8010797494,39.6967767587,35.4488072411,33.9732112132,31.0899641,27.0267535141,20.893208926,20.1886999865,15.9536576916,14.0722115454,10.1883185629,6.02480498696,10.5701044679,9.32270940637,11.6161255924,9.06775293377,4.24666980593,9.01866419263,10.4790140379,6.47711172583,4.88687889009,0.0,4.78196226145,6.44725927014,11.1053780139,13.8247479855,15.3165188677,18.1671197859,16.2782941631,14.3116158128,19.1642431421,22.2016327698,18.8193675878,19.7133081465,25.952293162,24.1009942554,23.4176013396,26.2151125572,29.319470873,28.2878515284,28.9172163766,31.8517987418,34.0021664479,33.6149946416,36.6139835997,36.4462110982,30.8163279099,32.0146573176,33.1833139157,28.812042651,27.5948220824,1AUG ,1
P,P,P,P,P,P,P,P,182.0,P,A,0.295597484277,182,P,A,0.062893081761,P,-0.6739,P,0.3502,PRO,182,1.69416100478,1.80625268914,PRO,182.0,0.709209139517,0.816512477609,0,1AUG,P,182,P,39.105599932,37.333766326,35.2344557125,34.9591095996,28.6829860049,28.6321059968,24.0933820988,23.5700903203,22.7941956689,20.1558409334,23.5215433143,21.6798835406,19.0562132349,20.6354693799,20.6205767303,16.1197412023,21.1926734782,18.8024666127,17.434655907,13.8204165917,16.5172864163,23.0016021645,19.6695100808,17.4902124244,20.8043031788,23.6107471007,21.1028269849,23.2388156269,28.8814435679,29.7099280054,28.4636244103,32.0197035196,28.7192789904,31.9130278586,33.3658370874,30.5342158716,33.1745677805,27.8318919797,30.6191563817,26.3662944943,29.3925224722,25.4578148723,24.8024999792,26.9575210581,21.2087473645,26.5572288144,25.1619375756,30.3055819626,30.615389763,26.4984491124,29.0886713827,32.1191672733,30.0292840445,28.6361917798,33.6858129457,36.0699411536,31.5765797136,32.9407757188,38.1315933052,35.0576705705,33.2911235043,38.8401614539,32.5611810417,34.762520714,29.5427483147,28.3680885988,23.2412640264,22.878626437,18.415945885,16.0193934391,11.7557188353,10.2810162964,9.8378811854,5.25392518115,10.4794465352,4.45732217555,9.63603431237,12.4321255917,11.8113273194,17.0055627912,16.7494017272,23.0788410861,22.583169903,24.2551388913,23.8001522005,30.5712659173,26.0578674132,27.5284924841,24.585622092,23.9923876932,16.8235402628,20.0500178849,24.4559329135,25.4928593725,23.4300523812,29.4789172006,26.8782545482,29.2671398252,25.7708443838,27.4815220202,28.3348076645,27.3216551981,30.6330732716,32.823598918,28.4834072382,33.6077788715,35.6920063905,36.1146144994,35.0032486308,33.268373504,31.4182642203,28.730043846,30.6755401165,27.7170342622,23.8384143925,26.3322834902,24.4411039976,26.4824222748,21.8037919788,24.067213163,28.3959977298,21.6447107926,18.3003141947,21.3617752913,23.9251235422,17.4995038474,17.3459624177,23.9381894376,21.6308685591,18.5620381085,14.532633531,10.6749660151,13.8551281448,13.375602014,17.8845025664,14.7107476517,19.3831104293,17.1572814666,18.0770593775,17.0126988149,20.3378528943,19.4081986956,21.6131849429,17.7853449229,21.7654392367,25.9648926049,23.7925407831,22.1557321026,28.4988442669,26.7361134084,26.8845793607,27.4394157516,32.27300012,33.5862580942,31.4391698016,34.0661491973,36.8238676356,38.4676913038,36.516498156,38.4990202023,37.5387128361,33.3708514511,31.0286185812,28.5071060609,24.7553804666,19.0787696498,17.6274510712,14.0886404835,12.6103588211,7.73990893707,7.71849169207,11.6153966992,10.2607946545,13.6377033715,11.3126815238,7.67609479498,12.9237637188,15.1249718724,10.8085031798,8.4773129118,4.78196226145,0.0,5.88612450866,8.58889540879,12.760158909,15.4350848925,17.6154467127,14.2484838028,12.8752227453,18.0667700122,19.8024731805,16.2761067575,17.7833754421,23.7154472164,21.1421783949,20.6051354401,23.8085592451,26.6280524618,24.9362372923,25.9321544223,29.0887416336,30.8156367711,29.9942502787,33.2403101823,32.6149433823,26.879993483,27.7415696641,28.7671393292,24.2937530318,23.0256731798,1AUG ,1
S,S,S,S,S,S,S,S,183.0,S,A,0.264516129032,183,S,A,0.0451612903226,S,-0.7132,S,0.3159,SER,183,1.72726945386,1.85832774088,SER,183.0,0.792997504297,0.988534755777,0,1AUG,S,183,S,37.0086801803,34.6721413124,33.4973763755,32.4123560488,26.394514161,26.6958613408,21.5910095362,21.9989263083,20.6290311859,19.3283706175,21.8575844655,19.2456828523,18.9256861098,19.973274358,19.5293180444,14.2134721167,18.0251686881,15.1214746458,15.3566242285,10.5838043733,14.431068211,19.7697163007,15.5436815122,13.7481466969,17.7796503949,19.3675984047,16.1763897003,19.4390588286,25.1983743209,26.0497817753,24.5718804185,28.1867630767,25.1385024336,28.5510140818,30.8973588965,27.7610256957,30.1307610648,24.6426939563,27.7046030474,23.1659653134,26.8313590396,22.8718774241,23.4413743274,25.7923095733,20.6195835623,26.3243795784,26.3789217597,31.3308592196,29.8392100067,26.4116431968,29.3605384083,31.6903743388,28.8159348461,27.9096502806,33.5995284097,34.6452241769,29.9332752643,31.8662788069,36.9880577471,32.5025524312,30.7623495688,37.1102134916,30.8860349028,33.0376345762,28.1288297826,27.3347369947,21.916139222,22.2237821327,16.8531187314,15.3561211703,10.3591756233,11.2863456484,11.1871371105,7.49085211357,13.2840345736,8.63722478962,11.7706415992,11.3515502115,13.1986736224,17.5155220329,18.4341989268,25.2996601834,25.207891871,26.2101889238,26.6897783811,33.0038747033,29.0599325186,29.4883534781,27.8606427919,26.3997020812,19.4030080986,22.063363678,25.8419857424,26.1590599157,22.7523314966,29.1472408355,27.2880260125,29.990525175,27.9720068527,29.4006580389,31.2534449665,30.4272985814,32.8121893385,35.4139540598,30.3128622982,35.3113138337,37.5802594351,38.527197427,37.1701305779,35.409463265,34.3354387374,31.4096429137,32.2904506284,30.0800268426,24.9103350706,26.9197555735,24.3303009313,26.2700132611,22.7425421871,25.7591209313,28.1171424402,21.1566653701,18.8422356015,21.7478194218,22.7333955742,16.1743298433,17.8243662815,22.9659139945,18.8984934533,16.6921325734,12.1002856758,9.98158321062,14.0073373528,15.0279232865,19.9467517235,17.4217617672,22.5689257423,20.7179100399,20.5195703455,20.1117733256,23.4393541231,21.030491993,22.3847769294,18.6726940317,23.9122810347,27.0734268219,23.8117396565,23.3192877065,30.3052033758,27.7576977522,26.9263684505,28.2514293056,33.3758026621,33.7110481332,31.5657067882,35.0358313047,37.6266161358,38.6468679947,36.0159166869,38.5671506664,36.7651152435,32.6817320154,30.2985600261,28.4711021801,24.4694814195,19.4335591269,17.0634198047,15.2804979491,11.048274717,6.78078502154,7.84469918462,7.12553256828,4.52068752601,8.45547008299,8.64895375679,5.32898038287,9.73055890391,13.6060985812,10.8314760188,10.4110276226,6.44725927014,5.88612450866,0.0,5.5060541539,7.48093852233,10.4060777596,12.1467770725,9.8629885878,9.12581033521,13.6124631373,15.9409813546,13.3243724233,15.0945220652,20.1642687696,18.5671655634,18.689599781,21.4835235012,24.0422381454,23.4193224569,24.6040847367,27.1991708569,29.0441505208,28.9795321681,32.6715247371,32.4773497034,27.5428484073,28.2769402454,29.8667097979,25.7610031185,25.2182140487,1AUG ,1
L,L,L,L,L,L,L,L,184.0,L,A,0.114427860697,184,L,A,0.0199004975124,L,-0.7479,L,0.2856,LEU,184,1.74529447891,1.79303443233,LEU,184.0,0.95314861923,0.977820944965,0,1AUG,L,184,L,31.7439277375,29.9112069851,28.4165559198,28.2365784152,21.7494687261,22.9305086765,17.5481229997,18.9477626793,18.2334176969,17.9085243155,21.5218730915,19.7814149095,19.9356580341,21.5710073711,21.6725262095,16.5786943175,20.044074062,16.2979980573,15.1533863163,10.5999432277,12.9313854987,18.1881833307,14.8417241338,11.2369064215,14.7406954023,17.9922794123,14.3007094052,15.5453863477,22.0484829211,22.3539850549,20.5644599641,23.8143065207,20.3319263026,23.5990668433,25.655432526,22.7528172247,25.6429039377,20.2601778521,23.9055828405,19.8532363499,24.1027854911,21.6337897405,21.4868135766,24.7637113388,20.3473465986,25.9157102471,25.9230963435,30.5685569095,29.1080303253,25.0405847723,27.3304359948,29.8751665024,26.9709953799,25.1158473457,31.1649454689,32.1581656123,27.0716874832,28.4323466883,33.666120144,29.6657881766,27.3563099912,33.2914105674,26.8398378692,28.3492710862,23.3325036426,23.3154290805,17.4574815677,18.7954464313,13.5112653052,12.571405343,10.2418753857,10.1302528123,11.7328792848,9.24029970238,11.6333282535,8.58270245349,8.70170854292,6.26797792767,9.7502344578,12.9018719809,15.2703606148,21.2915932432,22.1869070747,23.2444354558,24.6596420304,30.9726514729,27.9782667327,28.5208841298,27.8272879449,26.7292905234,20.2034433854,23.6797171991,27.3398349652,26.4532991563,23.3298040881,29.335521044,28.215586625,30.1267091978,29.1457540713,29.3227262139,31.673661868,30.3126059822,32.1889301518,34.0242177889,28.5525089481,33.0562334944,35.9741116691,36.5678207577,34.9255415945,32.4965974309,31.8995842208,28.6847617612,29.0912796144,26.4499310279,20.7659373431,22.6630011611,19.6459864658,21.0983677569,18.1157335463,21.2261871852,22.7383632669,15.9052765835,13.8965117365,16.7932571626,17.2803627321,10.698157842,13.2482692829,17.8926708422,13.9049177885,11.9908958441,6.89755159739,5.8233724074,9.18230231627,11.0025548563,15.9220747826,14.5526459878,19.4246031472,19.076826092,18.3741310732,18.7178489223,22.9206881493,21.0935376371,21.7388333881,17.4195668682,22.1526393015,25.6314734491,21.5238770377,20.1878431392,27.7901727659,25.2992894018,23.5280531205,24.6471958433,30.4386594128,30.6148889119,27.667980915,31.3216399628,34.5930787607,35.3158995519,32.2673098651,34.3451374295,32.3500464299,28.4160542082,25.2678421353,24.0703954722,20.3339656717,16.3571643301,12.7254980584,13.0605702868,8.12618985415,4.18990445092,10.4305005569,8.26039531189,7.64930793738,10.9927540059,11.017469164,10.505121868,14.6091716141,18.391100993,15.1736092159,15.4942593108,11.1053780139,8.58889540879,5.5060541539,0.0,5.60579189567,9.10287631219,10.1436637482,6.36558947673,5.37210778381,10.0515828575,11.357710194,8.09911124391,10.5628422356,15.2900742022,13.1872344083,13.4388969543,16.4713546156,18.7961709475,17.9424945575,19.3724344577,21.9824472556,23.6083772014,23.4983438938,27.3943845139,27.1358911207,22.5190314927,23.1521599959,24.9686821357,21.1477706325,21.0629469067,1AUG ,1
S,S,S,S,S,S,S,S,185.0,S,A,0.264516129032,185,S,A,0.0709677419355,S,0.1726,S,1.088,SER,185,1.61400650415,1.64983909768,SER,185.0,0.819989240337,0.90564978232,0,1AUG,S,185,S,31.9557128374,29.5698466224,29.2226296116,28.1371895071,22.2012575788,23.7741563075,18.0109762845,20.3995314341,19.0051475031,19.9871260485,22.3366415634,19.7717164557,21.9718855607,22.9200334401,22.5147958211,17.1144575195,18.9676709578,15.0914121931,16.0852290667,10.973604567,14.2893689193,17.5727050638,13.2215887324,10.5937872307,14.7447917735,15.9138757634,11.1312762664,14.1664325196,20.6214178913,20.922603782,18.7731766232,21.9443679953,18.8040376998,22.2748895789,25.5484905252,22.4167211714,24.9342278997,19.5531962285,23.4805515075,19.2238788136,24.0827411053,21.5634103277,22.8672602718,26.019698964,22.2513442416,27.869863891,29.0844633254,33.5078890534,30.5073213258,27.3591606418,29.9996987001,31.7797696262,28.2186493885,27.0667629423,33.4538507444,33.1076627806,27.9986228067,29.97301643,34.9674087463,29.464267949,27.2949619605,34.0123847987,27.8274144162,29.2202726197,24.7538210631,25.1570918722,19.365620134,21.2533863329,15.5189307173,15.5764622944,12.6294580792,14.4752300004,15.6241573928,13.4242472944,16.8825213779,13.7352781563,14.0080172244,10.2648207993,14.8355295483,17.0222830999,19.9107467743,25.9517581294,27.0246284053,27.5868212563,29.4115594241,35.2562818787,32.5045610908,32.2849089862,32.2517942282,30.5139326907,24.1511979874,26.906689049,30.0576892093,28.9789501023,24.796300333,30.940471246,30.3113809672,32.618653083,32.4885412089,32.8131864708,35.6763018351,34.61029111,35.9451568349,38.2250690785,32.3978511081,36.7898746422,39.6635732864,40.7157618526,38.9739244177,36.6871425389,36.5743777605,33.3172214081,33.0114751512,31.0287777431,24.6906636479,26.096756026,22.634209119,23.8255190228,22.0806813453,25.4217847961,25.1201525925,18.728561373,17.7619266813,19.9975568691,18.9178760763,13.0989632955,16.7379419758,19.4166510176,13.5082045642,12.8512466483,8.35039310371,9.70209075747,13.2833131422,15.985347429,20.7523512142,19.7949936537,24.6572087121,24.2997127726,23.1114073437,23.6488221026,27.4828686662,24.6097473032,24.7775650698,20.946540011,26.4407876939,28.9459597457,24.2792957875,24.1140537972,31.7882901922,28.7584793472,26.3619610495,28.1293444202,33.8711590947,33.2128941419,30.454461492,34.7146684115,37.677858208,37.8676917657,34.2958556556,36.8942071565,34.1377358975,30.4094923538,27.3140126885,26.8825566939,23.1045993991,19.890448079,15.9379167613,17.3962364328,11.1121683852,9.08056077387,13.3370956647,7.77204201075,6.02485716071,8.62245168998,11.8631835394,11.5071764304,13.7475309421,18.4455789238,16.8365861763,17.6139042538,13.8247479855,12.760158909,7.48093852233,5.60579189567,0.0,6.38298769907,5.07099774629,3.6977103986,5.99396491816,7.76708425693,9.40276410608,8.81319632584,11.5020971466,14.0011896795,13.539968411,14.9169960887,17.1500980272,18.8236199315,19.3524100683,21.0476079307,22.8275914389,24.4036644623,25.1196451806,29.4554629074,29.5422466383,25.9095578806,26.2311290969,28.4219926258,25.0361851517,25.4686044182,1AUG ,1
L,L,L,L,L,L,L,L,186.0,L,A,0.109452736318,186,L,A,0.109452736318,L,0.212,L,1.123,LEU,186,1.46453803101,1.55792731791,LEU,186.0,0.922987488827,0.978248712505,0,1AUG,L,186,L,30.751544242,26.9153437076,27.3835750323,24.2967018442,19.4394503887,19.6538014143,14.3585102554,16.0259975673,13.8529328617,15.4860316972,16.7545566012,14.0627425946,17.8081267048,18.4338184942,18.0702945844,13.1406488076,13.8779844012,9.61183749356,11.0146461673,6.46521597227,9.67593835975,11.4980030425,6.86716001706,5.42674531526,9.90929515621,9.67602698732,5.77239107851,10.6584511117,15.6306627619,16.7093464526,15.4619020228,19.5216708873,17.8775638673,21.4995232733,24.6316072697,20.7836093843,21.8637229331,16.4615604574,19.1591627696,14.3689483693,18.68686488,15.5370891042,17.7810662729,20.5862982622,17.5118264477,22.9215381191,25.2584085838,29.2906684549,25.0650376356,22.7442603258,25.7843248636,26.8212460929,22.8858738022,22.6661293545,29.0036154571,27.8282146083,22.9980042127,25.7314160682,30.4316167709,24.0628516795,22.4548882022,29.7472001155,24.0321053116,26.4261712452,22.5031390302,21.8384929838,16.9453826031,17.9185735405,12.112638565,12.7783264919,9.69834695245,13.408388958,14.2326033247,13.8284829462,17.1660501704,16.9726563326,17.2339293251,11.7081066232,15.5775003884,17.5314909499,19.2368785194,26.7357082385,26.4895623549,25.9862247193,27.9988044743,32.8824890136,30.4143350005,29.0547491319,30.142747829,27.5981124082,22.0103813365,24.0696498757,26.4072964805,24.6478493374,19.8049595222,25.7422750586,25.7649753132,28.1027368311,29.2924623616,29.3176544489,32.937863864,32.1915841082,32.6227173431,35.5029416542,29.3678336868,33.6931181163,36.2543480661,38.0186114666,36.27039954,34.640499726,35.0722137114,31.9743627579,30.8314368971,30.6408106757,23.7989387902,24.6167950024,21.4516198394,23.7682446227,22.4119356259,27.1907481196,26.4783709149,19.2156874891,19.7713915066,22.9949806604,21.0010312187,15.1327147111,20.5300201107,22.9376861965,16.7860051747,17.356328893,12.2662605832,14.2674193071,16.4049611961,18.3736146504,22.2897428669,20.3714658078,25.8197879144,24.0414000948,21.9293274812,22.6923487011,25.6871582049,21.532748223,20.976385496,17.9356802782,24.2384664624,25.2978160412,20.4115837541,22.0841363114,29.2683218629,25.579511334,23.178596655,25.8205774831,30.8287521469,29.4294767385,27.6514308729,32.3162615106,34.2619088342,34.1728974111,30.6275670574,34.2182475796,31.1944245233,27.4249489604,25.9636971273,24.8815257025,20.7530432505,17.4940603731,14.6618142278,15.9310094313,9.17015588911,10.1538088677,12.4743772361,5.19479628419,7.88740934598,6.85913746169,9.22372909952,12.4024891961,13.5828399218,17.1707404212,15.9075230746,19.4230742082,15.3165188677,15.4350848925,10.4060777596,9.10287631219,6.38298769907,0.0,5.6777401757,9.0932926115,5.32216415767,5.43377839106,11.9602451088,9.78453175031,9.5911028589,13.729526388,14.622918899,14.5408412149,15.6463062423,18.296082292,19.9261253873,20.2716935195,21.6673868069,24.3206810912,25.7893667875,28.9819506866,30.1539876639,26.7414372734,28.1494717848,30.5530121603,27.5931326227,28.1083584362,1AUG ,1
D,D,D,D,D,D,D,D,187.0,D,A,0.611398963731,187,D,A,0.554404145078,D,1.876,D,2.573,ASP,187,1.26592467217,1.4231593593,ASP,187.0,0.674785637947,0.864735862048,0,1AUG,D,187,D,30.1348441421,27.1078137717,27.8166778124,25.8339036539,20.6444756256,22.500184083,16.7345714208,20.013119804,18.2971301651,20.6771001869,22.1965146347,19.5226957211,23.4499235526,24.0581505304,23.5482074606,18.4447665806,18.7331189999,14.7088683045,16.6480550014,12.0606128199,14.9364944087,16.0337591426,11.7265173385,9.76508639243,13.5864482758,13.2681431922,7.71347530052,11.5902050406,17.592965732,17.7941374713,15.4614772045,18.5279846621,16.0787119029,19.6159371364,23.6976856093,20.3398936239,22.2648668167,17.1273317928,21.09019008,16.9652513164,22.238718453,20.3348938008,22.5732553058,25.7800929876,23.0653670274,28.3960617983,30.6159116718,34.5959651303,30.3290541605,27.8717067548,30.5257020857,31.6223538548,27.5891775407,26.838833939,33.4178648553,31.8636726584,26.7965604369,29.1349257682,33.7983183371,27.2284632549,25.1277513283,32.2801639987,26.486990629,27.7530125185,23.9600392022,24.7005635184,19.2821526623,21.6438545041,16.0102752636,17.0556889876,14.8567008949,17.6224920643,18.8602371144,17.5250287485,20.5580352996,18.6138610623,18.2749538464,13.1025306358,18.1489087364,19.28922712,22.4990464528,28.5282081434,29.631529106,29.6078666563,32.0087066984,37.2202858079,35.0503130885,34.1051235694,35.0728755615,32.8873420838,27.0678388272,29.4420574154,31.9939276194,30.2460628618,25.4588942602,31.3014542631,31.4390013861,33.6780846247,34.7700948673,34.6877182085,38.1889587281,37.2219790764,37.7978146184,40.2266720544,34.0465592295,38.1023678958,41.0560554197,42.4636568679,40.5742078214,38.3538162661,38.8706234216,35.5729786023,34.4183987269,33.2466746423,26.3076207591,27.145317359,23.4175224837,24.5269945851,23.9859224952,27.8502423046,25.9057333998,19.845364398,20.1812566266,22.2328924448,19.6268492154,14.7348315468,19.7083515158,20.6931391169,13.6639505219,14.6818336631,10.8182117524,13.8116898686,16.4953183722,19.5088958972,23.7751082976,23.1385202551,27.9817856086,27.6755184148,25.8456145515,26.7647575784,30.3757600409,26.8222113701,26.2944062046,22.8841357363,28.696526862,30.280624667,25.0374749616,25.795625626,33.4175416285,29.9509403296,26.8564448032,29.1678707605,34.7985491055,33.3202600798,30.7127611322,35.4893250691,38.1654499235,37.7877371003,33.7448735242,36.765484159,33.3439321306,29.8990969366,27.0817599505,27.2803714303,23.6086417388,21.4169209131,17.3291451873,20.0067919115,13.1895291664,12.9802133055,16.8193849257,9.7727384975,9.40584702012,9.82729850485,14.1220711848,15.2266765586,16.1743222484,20.7839498367,20.012938965,21.8666179832,18.1671197859,17.6154467127,12.1467770725,10.1436637482,5.07099774629,5.6777401757,0.0,6.24843828548,7.84623104567,5.72841106829,8.51036302565,9.61481443078,11.5181331994,11.9659722716,13.304053588,15.0552042841,16.2447370053,17.4533718603,19.3455782427,20.8437408785,21.785916087,23.5146974125,25.0791713999,29.3478502624,30.0030505476,27.3354047739,27.7513498288,30.2937683953,27.5095006025,28.4317010601,1AUG ,1
H,H,H,H,H,H,H,H,188.0,H,A,0.370535714286,188,H,A,0.183035714286,H,0.5248,H,1.395,HIS,188,1.54243210405,1.59411397438,HIS,188.0,0.767724906131,0.976618406296,0,1AUG,H,188,H,29.9308797968,28.3523222332,27.6717306553,27.7384889343,21.3700862826,23.9263254438,18.0147422201,21.2248691245,20.3776423439,21.7649188511,24.7622148456,22.6715411809,24.6806196158,25.9328341516,25.7535488729,20.4604870302,22.4099841359,18.3687445314,18.6637580279,13.8465772864,16.2991031918,19.5298416843,15.8093643301,12.2520666246,15.7915067229,17.9621801087,12.8485897139,14.1212185079,21.2126819193,20.9333326788,18.3116556752,20.8360388017,16.9743136066,20.2291064194,23.4848413361,20.8137742047,24.0677498347,18.9074917044,23.5219262902,19.8164016107,25.1023439418,23.6174344339,24.381218117,28.0112377382,24.5412388523,30.0295085364,30.9299810311,35.2396605787,32.5800000808,28.9899082083,31.1513361626,33.1762819059,29.7235023364,27.8822016685,34.3758592715,34.1540185469,28.8385218611,30.2844772903,35.3287907909,30.3077824711,27.6911341072,33.9622176867,27.6286227742,28.2589541224,23.7222129773,24.9953229601,18.8938927576,21.6536750799,16.2661046806,16.5795824446,15.0453330028,15.9223794945,17.6759704418,15.4384552514,17.5408638257,14.1283156301,13.1705070942,9.52988098525,14.7199084728,15.9686220672,19.9278718525,24.6745809997,26.7376190951,27.6314516322,29.834966111,35.8338693641,33.5154494764,33.6780121971,33.748615292,32.4351845147,26.1735475204,29.4023229967,32.6926776933,31.2923203787,27.4632651977,33.391868035,32.9411388588,34.8581661368,34.8256221284,34.6814537357,37.5121577549,36.1265485003,37.4702104774,39.1786631314,33.3486374864,37.4276437919,40.6840982446,41.3406189124,39.4753639513,36.6735589394,36.6578727286,33.2636839237,32.9446256291,30.217713518,23.9219697272,25.3552048439,21.6133993672,21.9911895693,20.7090953571,23.409223608,22.4761427972,16.8935125144,15.758900153,17.2564030355,15.9748366047,10.7886012359,14.1217677693,16.0160677824,10.0369892428,9.33389046493,5.56591048021,8.02745145295,11.3583700819,14.7422118824,19.4518633373,19.5827093346,23.8126991514,24.7163773864,23.6265103047,24.422429157,28.772207371,26.5823480586,26.6228515064,22.4500211208,27.3095097629,30.2841144138,25.3524684163,24.3042100889,32.2224951932,29.4641311817,26.5853203168,27.972386107,34.1679486981,33.6043142822,30.163379305,34.360323471,37.9512326198,38.024246964,34.2188187939,36.2286752065,33.4143919759,29.8801343746,25.8368256146,26.1328314502,22.7566060383,20.3893365372,15.6316199203,18.2697621608,12.3354470462,10.2398537122,16.0208232287,11.1439745261,9.45770560584,12.3169054768,15.1403322299,14.5791234734,17.2196586443,21.9534649407,20.001184949,20.068494785,16.2782941631,14.2484838028,9.8629885878,6.36558947673,3.6977103986,9.0932926115,6.24843828548,0.0,7.22547909439,8.18446138721,6.51455655616,7.34071153019,11.286494418,12.109790582,11.0987887579,13.4024574984,15.8921660954,16.8127535892,16.9929301741,19.3762137456,21.0972925606,22.0570509009,22.5628934078,27.4483147645,27.1202557638,23.8466220622,23.5966547391,25.8341747005,22.6104315223,23.3364136308,1AUG ,1
I,I,I,I,I,I,I,I,189.0,I,A,0.0,189,I,A,0.0,I,-0.3631,I,0.6212,ILE,189,1.67605138212,1.72742298467,ILE,189.0,1.09550427466,1.17200523028,0,1AUG,I,189,I,28.3967357506,25.5942224144,24.8350274665,23.4506666591,17.4527191885,18.3123241959,12.7879898994,14.6020308888,13.577603783,14.5414724583,17.7986238278,16.2945356172,18.0162482667,19.5554678754,19.8083809902,15.0327923472,17.4371925805,13.1969362363,11.8128544932,7.64276569376,9.12594864912,13.2586218834,10.3620783969,6.02660553839,9.58796499939,12.9923921252,9.53582085343,10.4773837865,16.705310585,17.1743637292,15.664592164,19.3464660227,16.6547860859,20.101938136,22.3246030947,18.8766249173,21.0051573247,15.518442079,18.8434608677,14.5977464461,19.0450221922,17.0008626192,17.3326720875,20.8839109493,17.4162780959,22.8345986546,23.9081429784,28.1088590523,25.4273677897,21.7955817528,24.1557995605,26.1107381543,22.7497420301,21.1834627552,27.5567385888,27.6105857513,22.4554516237,24.2126024944,29.3004155913,24.5602041317,22.3156596675,28.6931480302,22.4232054326,24.2974850467,19.6775123698,19.4229466432,13.8001667248,15.2716502345,9.54907777934,9.73456484493,8.55520065395,10.1032021661,12.0209822866,11.4594106861,12.9612695101,13.1643299424,12.3360109811,6.38602303538,10.6296845179,12.4474139738,14.7732378895,21.6474674205,21.9946083626,22.0493081528,24.2085790531,29.6658631403,27.3764575141,26.8936571592,27.6313540266,25.8978401091,20.1351488876,23.2551830842,26.1898093228,24.2635360324,20.5638849912,26.3030169471,26.0632366561,27.7506220993,28.3559499122,27.8298048025,31.0979337088,29.8259234014,30.6708863732,32.7421611054,26.7287394557,30.9493189989,33.9476393563,35.0407302988,33.2226422345,31.001911136,31.1978646874,27.9442392173,27.2432099681,26.0041334496,19.3662160783,20.5752780466,17.3385956791,19.3886310313,17.4812096691,21.9650357088,21.9705480969,14.5427890001,14.5458825994,17.9800463906,16.7115679862,10.3248432246,15.5396212994,18.6930670445,13.6345436348,13.5430763738,8.05420630083,9.81470625537,11.2246182411,13.1005935735,17.0299724448,15.5538955803,20.7480248634,19.8824207124,18.0118600434,18.9553986584,22.773608375,19.906789021,19.5760292476,15.6157662975,21.0375667483,23.3192859566,18.4001548634,18.3792071579,26.0297699523,22.8721808748,20.3861518932,22.29734361,27.9269319147,27.2297319731,24.6095231688,28.9025057459,31.6913830048,31.9121003948,28.483789312,31.2259323302,28.6756538149,24.7929724108,22.4315097332,21.3034074858,17.3283707261,14.0470947047,10.3387344758,12.204497968,5.52666792845,6.05590107175,11.4732558189,6.8705039473,9.05106100429,10.2602256293,10.287359185,12.7574307198,15.7842954709,19.2016443154,16.4321509475,18.9503979043,14.3116158128,12.8752227453,9.12581033521,5.37210778381,5.99396491816,5.32216415767,7.84623104567,7.22547909439,0.0,5.3981918438,9.9062823861,5.63270222193,6.23944066586,11.9026731936,11.0945642901,10.6074506476,12.7410502816,15.6003925435,15.9957592942,16.5938113109,18.6999660244,21.068173265,21.8312636313,25.1513017207,25.8351515238,21.9020379312,23.2577946323,25.5103830468,22.3807520956,22.8016532584,1AUG ,1
T,T,T,T,T,T,T,T,190.0,T,A,0.110465116279,190,T,A,0.110465116279,T,0.1292,T,1.05,THR,190,1.41712819188,1.60398293421,THR,190.0,0.944695823338,1.14314810229,0,1AUG,T,190,T,25.5946955776,22.2484354318,22.6491363318,20.5645267359,15.1453922127,16.8792199138,11.0447608678,14.6640443297,13.4227804156,16.4557084545,18.8090966163,17.2822114632,20.9755507734,22.1317234045,22.2533445362,17.7676333312,18.4611595795,14.043859889,13.79443898,10.3309524314,11.1911512147,12.2185449186,9.64236893611,5.57056589999,8.42301012885,10.5957755849,5.94631563151,6.4199939124,13.0884458025,13.1661994821,11.1326113534,14.7333896919,12.5296340566,16.1422687274,19.3499955182,15.6515913038,17.3881164858,11.9938844703,15.8727977064,11.8499285724,17.2801048783,16.4888311099,17.8337427291,21.6282774094,19.569387973,24.5561876732,26.7061802998,30.3288595872,26.2662395031,23.3502783058,25.5447283971,26.7411447806,22.826314024,21.4924981568,28.1574645383,26.7605903181,21.5157325044,23.5348750884,28.2738837228,22.3422647058,19.9242928255,26.7839423001,20.839294519,22.2601487859,18.394216619,18.9849621679,13.6581971246,16.2339442561,10.8908983495,12.5988769898,12.5965032917,14.9041940257,16.8272431712,16.7206988347,17.8662655708,18.3260889779,16.8629231801,10.1567418151,15.0247867802,15.1968152856,18.3514238622,24.4614255355,25.2940432317,24.831761227,27.7411356231,32.4933299333,31.0044657129,29.8562045343,31.6675045274,29.5947024053,24.4645439027,27.2100491399,29.533589562,26.8650490358,22.5735652059,27.8842078145,28.5492808105,30.0733153405,31.9987711259,30.9672919788,34.8628610479,33.6316705653,33.66851992,35.7115027678,29.3595985536,33.046610766,36.2512413525,37.6010219209,35.5848717356,33.2600284663,34.1956488351,30.8763863929,29.2056645802,28.5957281826,21.3500273751,21.8553850744,18.1576197424,19.7155569558,19.5404864595,24.2362794912,22.0344024242,15.3970258495,16.8778445533,19.6488072315,16.5172590845,11.5765826183,17.9892968019,18.9432573281,12.5740421155,14.2706498019,9.81273660204,13.4629749478,14.3832709028,16.9637623677,20.357137573,19.7665020324,24.5429817229,24.2713635594,21.8479668621,23.2380077934,26.9027958499,23.5399538722,22.4218537741,18.9530203557,24.4095838437,25.7530951622,20.0995775219,20.8834429056,28.4603171246,24.9209502761,21.3855479661,23.8132731551,29.4589112681,27.7981844209,25.0805825373,29.9818112533,32.6728851307,32.1599754359,28.0405342678,31.0738083715,27.6571632814,24.1795759762,21.7395455871,21.7458004214,18.0934479758,16.5908100294,12.441127257,16.2415529436,9.62198758345,11.4315015567,16.2498060203,10.0351196568,12.0930147394,12.1490189931,13.8960751367,16.9014257354,18.758610158,22.4568790445,20.6312546848,23.5739376948,19.1642431421,18.0667700122,13.6124631373,10.0515828575,7.76708425693,5.43377839106,5.72841106829,8.18446138721,5.3981918438,0.0,7.81494569599,6.07036728199,6.17285071219,8.30561193762,9.75205181485,10.1896005111,10.9468696659,13.0231690349,15.1263214533,15.7646871467,16.7670159597,19.162616503,20.9195319321,24.4168872655,25.6233734293,23.0127147359,24.1899456132,26.8553924681,24.466043831,25.5398099655,1AUG ,1
K,K,K,K,K,K,K,K,191.0,K,A,0.334745762712,191,K,A,0.334745762712,K,1.133,K,1.926,LYS,191,1.23804725441,1.49366936915,LYS,191.0,0.728725842218,1.02807757749,0,1AUG,K,191,K,24.088063407,23.0574222798,22.6114924244,23.6198118763,17.2569593144,21.3083143661,15.4830099903,20.2825521884,20.0757159902,22.8981886376,26.2236690862,24.9320746345,27.7011975875,29.1873699677,29.3541759385,24.5119207053,25.7877137997,21.4324442889,20.9885360479,17.0988134334,17.9817316068,19.7753825566,17.4132901548,13.065014338,15.1019865496,18.1568494558,13.074043291,11.2450139789,18.5681070569,17.3419416023,14.0918112499,15.5158716664,10.9990548661,13.998747965,17.5915613728,15.3403057566,19.2123233432,14.679497465,20.1367458605,17.550117404,23.4157584441,23.9385658179,24.3628286528,28.6371851833,26.4232866946,31.3910916669,32.6142402079,36.3211698222,33.2723066638,29.5756120602,31.022026379,32.8449375245,29.3138172906,26.7896487458,33.430922382,32.5749302396,27.1059936037,27.9936334731,32.787245023,27.9823482868,24.7973901233,30.5217295762,24.3556340664,23.8698968494,19.8212048631,22.4728911123,16.5008339012,20.6821639309,16.1555428804,17.5637027442,18.427831862,19.0067787199,21.4848796764,20.2447784218,20.3565941313,18.7970329133,16.048997353,10.9067885613,16.541471231,15.4966399591,20.6845204047,23.9323050095,26.9420384473,27.5333808811,30.7451667958,36.1613991321,35.0200377696,34.9552132543,36.1766778857,34.9937055558,29.4976021708,33.0004305152,35.9182210047,33.4413017509,29.7709993739,35.04415214,35.4643004599,36.6816334154,37.89233933,36.6601929234,40.0471387838,38.3314290792,38.9130772541,39.9793439796,33.8818605748,37.1815786994,40.9751096338,41.4450781044,39.301531506,35.9727404526,36.7274880054,33.1856980709,31.9816594309,29.3372748479,22.5844544483,23.4153684146,19.2028063855,18.5793765026,19.1931783119,21.9230081626,18.4450866354,14.149946778,14.6788715673,15.3836090791,11.7961227921,8.86107230324,13.8606993652,12.6695471996,5.30995386108,7.89731289057,6.41580298537,11.3127984968,12.1184165452,15.9662438903,19.5256829131,21.0395147555,24.4839232786,26.6511798975,24.9496657889,26.4469942051,31.0740660938,29.1275293064,28.3682509629,24.205275929,28.4463000328,31.101501732,25.4444285202,24.1272652723,32.0994829521,29.3331377464,25.2929002193,26.65001053,33.1842783483,32.0592796843,27.9246623827,32.4300601393,36.4979829287,35.9530813339,31.5340978163,33.1086074232,29.7320442917,26.7144058919,21.8195953777,23.5409347668,20.8623938435,20.5894029669,15.0273079538,20.0681778633,14.407736537,14.2077042808,20.9043346616,15.6645854898,15.408923938,17.2838261639,19.7365708399,20.5933213878,23.090927458,27.5908172556,25.5020964684,26.3049988901,22.2016327698,19.8024731805,15.9409813546,11.357710194,9.40276410608,11.9602451088,8.51036302565,6.51455655616,9.9062823861,7.81494569599,0.0,6.17304299359,10.0990528981,6.50295100311,6.33621149555,10.1864113478,11.8865084026,11.3421389155,12.3909303756,15.295302234,16.1717561847,16.5747222915,17.683534368,22.9595791723,22.8335414404,21.0031450884,20.4736300564,23.1611090771,20.9800273008,22.58096591,1AUG ,1
A,A,A,A,A,A,A,A,192.0,A,A,0.0,192,A,A,0.0,A,-0.2252,A,0.7414,ALA,192,1.60932902948,1.68258621321,ALA,192.0,1.08550257753,1.18522439752,0,1AUG,A,192,A,23.791225635,22.1282475517,20.8234771483,21.3238806689,14.5128995592,17.3000244302,11.5404139095,15.2054901886,15.3092694859,17.324666972,21.4239949811,20.7611683294,22.4524460346,24.3509404595,24.9150966788,20.4494619629,22.624587329,18.2573732883,16.1971477144,12.90288172,12.8140297465,16.0210516728,14.4056413006,9.15355544926,10.8562311709,15.7845548861,11.9167797637,9.29520126468,16.541886551,15.9099174877,13.6376761355,16.2780061811,12.4905250153,15.6381247765,17.6019550522,14.7324264847,18.0992809584,12.9712511857,17.552060048,14.4960241025,19.6798407774,19.7882710594,19.239243431,23.5781648429,21.0196423899,25.9364389783,26.6549205336,30.4391189813,28.1532490369,23.9471256282,25.3483693464,27.5715765202,24.3976641973,21.6162130447,28.1335553067,28.2017006543,22.7408907707,23.5216346983,28.6201207268,24.7119461549,21.6599761081,27.2068603055,20.7085671468,21.2202820262,16.4697362984,17.9092040462,11.6983871745,15.1417269933,10.4878603857,11.5371085106,13.3138407952,13.2737668725,16.0718070332,15.5849118522,14.69815375,15.0887834707,12.1264279007,5.43128555759,10.891678596,10.1679415492,14.7085236563,19.2596581211,21.2702555873,21.6661990735,24.7152242053,30.1473280992,28.8622889788,28.8356884563,30.0664754877,28.9692317093,23.6909657991,27.4171208998,30.3703512822,27.7715696234,24.6645258932,29.8011353841,30.0471327236,30.9954363005,32.0745993887,30.6231266231,33.9675620043,32.1878748558,32.7962331791,33.8711591059,27.8164018898,31.3175297866,34.9956415744,35.4889569614,33.4197560071,30.3304290011,30.9238053581,27.4359208305,26.4021454863,24.1952244395,17.3326892053,18.3775965997,14.4755025675,15.1879301938,14.5121974692,18.4583922483,16.8868528925,10.2892306456,10.951885828,13.6246214333,11.2655705109,5.55678831056,12.0666598724,13.6142269815,8.70428075962,9.53391837858,5.04452861505,9.03316324606,8.63877382464,11.5498306467,14.8963390085,15.4553839274,19.4983216866,20.7982563074,18.8659668899,20.4150761713,24.9687042929,23.1886120097,22.4532885197,18.1478794184,22.2853398522,25.0942574248,19.6456750771,18.1846535554,26.1768541877,23.426889195,19.8469295635,21.1837164867,27.5889041378,26.8562063363,23.0212231402,27.3513866863,31.1717267931,31.0480949745,27.1104565112,28.9133728686,26.1221122537,22.6013171765,18.6250341185,18.8899804736,15.6750590666,14.522147882,9.10396557451,13.945024486,8.63924192634,9.36481244461,16.4287388107,12.4728312426,13.7593270913,15.4813302841,15.8540250719,17.7951601391,21.0708173036,24.736794247,21.7483800897,23.4237658023,18.8193675878,16.2761067575,13.3243724233,8.09911124391,8.81319632584,9.78453175031,9.61481443078,7.34071153019,5.63270222193,6.07036728199,6.17304299359,0.0,4.80737245278,7.53776191135,5.52364096614,6.16464981937,8.86957094346,10.735055603,10.7382704211,12.2730382487,14.2868192612,15.9365368344,16.5907176357,20.6449859607,20.9645612763,17.7587315084,18.5476390397,21.0719960659,18.4648349114,19.5565800241,1AUG ,1
L,L,L,L,L,L,L,L,193.0,L,A,0.0149253731343,193,L,A,0.0149253731343,L,-0.3765,L,0.6095,LEU,193,1.6365722119,1.69964248404,LEU,193.0,1.18448666939,1.26350247157,0,1AUG,L,193,L,22.5760967808,19.7041566652,18.6778404199,17.6855822423,11.3086034192,12.8358161911,7.15757934361,10.4382536548,10.6395000933,13.2101454716,17.3797958533,17.4245447381,19.3790135766,21.3792775801,22.2593304734,18.5069326394,20.4168187418,16.1146683593,12.9645282137,11.0489143941,9.3158227583,12.0203339531,11.8144582543,6.30996434734,6.44632104496,12.7555869513,10.4794893212,6.60670070052,12.8545394879,12.6778453893,11.3868714737,14.8538778744,12.4546775847,15.5733982962,16.8201184582,13.2589870563,15.3936586941,10.0890722211,13.59493037,10.2876144373,15.0379062828,15.4705800452,14.5788794833,19.0799709947,17.1887320109,21.7369997238,22.9073290981,26.3340028207,23.6424237342,19.5528726066,20.9427613676,22.8934239807,19.6403628214,16.9645815957,23.5642185096,23.4199465001,17.9811095438,19.0194676548,24.114028421,20.1813612174,17.2921135195,23.0345835599,16.5955974862,18.0824538646,13.471088712,13.7764489073,7.9348351176,10.8239968837,6.09823580482,8.08317736362,11.4212629389,11.9025096545,14.7094066244,15.6216738747,14.1169997287,16.993933367,14.3374575617,7.03525597121,10.8020790776,9.7977344367,12.910352386,18.8230745696,19.4979371323,18.9402320728,22.2631889754,26.9301867873,26.0214409961,25.249719522,27.4266494308,25.9347962033,21.4252226997,24.8940984759,27.3190447501,24.0318481927,20.9864307016,25.6659768197,26.417795828,27.0363553096,29.0808341598,27.1017993293,30.980545951,29.2942124941,29.2034493256,30.5024256055,24.1851474305,27.5661986859,31.1425849188,32.0560811192,29.9465387753,27.2782552256,28.3304855383,24.9512015736,23.2071263401,22.5367927359,15.2054812215,15.70833395,12.1119230805,14.301348727,13.7800059192,19.1938607262,17.7447286456,10.193371186,12.4668301979,16.1665558186,13.5178757572,8.39421770568,15.3583366348,17.0790068331,12.8064867981,14.1180824885,9.66472115131,12.7393566796,11.5217963104,13.1419779729,15.3853443437,14.9164216552,19.385238157,19.4476092451,16.6795908464,18.5350128791,22.5250139346,20.1456901698,18.7693083499,14.8704192056,19.2899199205,21.161893725,15.3685040479,15.0530592246,22.7786696014,19.5516390155,15.7837027156,17.8061604145,23.7832658906,22.5741353645,19.3345924055,24.0146179335,27.1621443331,26.8937307163,22.9891510469,25.5221894732,22.645016892,18.9213763419,16.4770620071,15.8130137201,12.1203192278,11.0858017424,6.4468203226,11.7336900356,6.68811960304,10.0928676884,15.9203698219,12.2415365902,15.2519943885,15.8053522871,14.9283909171,18.6157815163,21.6311010903,24.483288311,21.3754627282,24.5341382918,19.7133081465,17.7833754421,15.0945220652,10.5628422356,11.5020971466,9.5911028589,11.5181331994,11.286494418,6.23944066586,6.17285071219,10.0990528981,4.80737245278,0.0,8.46277634384,7.84586563466,5.42340973448,6.75466420204,10.4401680054,11.2737974658,10.8332509857,12.7688862579,15.7313204698,16.9313730945,19.4986944321,20.8944149138,17.6913997825,19.7432870336,22.2977302379,20.0970038345,21.0888662485,1AUG ,1
K,K,K,K,K,K,K,K,194.0,K,A,0.216101694915,194,K,A,0.216101694915,K,0.4801,K,1.356,LYS,194,1.24119366909,1.52981382857,LYS,194.0,0.864032355613,1.14643786142,0,1AUG,K,194,K,18.3176152568,16.5835314031,16.6553314891,17.3691107055,11.3116567986,16.1598808436,10.8537847323,16.7059780086,17.0419854934,21.0862126377,24.4305385668,24.1036712852,27.438707603,29.0788169234,29.6391859347,25.574468909,26.2976176946,21.8949467649,20.4665613656,17.976063704,17.1711779853,17.4215096893,16.89298627,12.3417473483,12.3524522207,16.3366995008,12.5637192452,7.16751577362,13.7854136641,11.8447264568,8.49932421459,9.50408321934,5.06733621521,8.39183768761,11.8143869481,8.99268849445,12.7545415754,8.60573940766,14.4128036863,12.9605701855,18.8801874326,21.2406133171,21.2785545755,25.8985579697,25.0608888764,29.2678278963,30.9692196248,33.9337725527,30.407492737,26.8699978915,27.7346173352,29.1435680735,25.6048338616,22.7410684751,29.3176755864,27.784566413,22.3675364461,22.9321171365,27.3818701356,22.7790963146,19.2482123874,24.5659700032,18.6885907109,17.7906426868,14.3807731868,17.6559373273,12.4398425283,17.3530758807,14.0227852949,16.4573831909,19.3250759313,19.9986773474,22.7989511123,22.8580984622,21.594384381,22.5533587952,19.1311702148,12.6326750818,17.5779053586,15.0011365415,20.0129915056,23.0245474595,25.7089839808,25.464303474,29.4588661218,33.8487809063,33.7789193539,33.0799399774,35.6362027717,34.3026061085,29.8618976422,33.3021351313,35.609061362,32.0731357081,28.634430456,33.0402648909,34.3516217145,34.8763885841,37.4891872748,35.2486236652,39.2804720247,37.4451988569,37.0530769652,37.8156006703,31.4944974245,34.0735299296,38.1048810507,38.7278857693,36.3957165225,33.040313135,34.6515712983,31.1458826544,28.8387637035,27.372407969,20.1223095838,20.0794280543,15.7947265059,15.3122565015,17.6064495064,21.4538987719,16.2628507883,12.1215849802,15.1121539415,16.397705148,11.0265302356,9.78605413802,16.5117540958,14.2217645894,8.48896367384,12.3801946842,10.8165591281,15.7226083406,14.6458406077,17.7589257793,19.867325393,21.5180668872,24.7173753668,26.8064582821,24.2642326094,26.3381144794,30.6812830836,28.5685197611,26.9472892482,23.21244351,27.0403211404,28.8055353004,22.6642174556,21.8910104363,29.4442142683,26.4558022188,21.5447036966,23.2588600006,29.5798474543,27.7041889611,23.5077747018,28.4196079962,32.3085411886,31.1704247306,26.3251014621,28.0528806954,24.1229660831,21.469835394,16.9497663937,19.3462018233,17.1247853771,18.6835478097,13.3782432617,19.8721185551,14.8374306555,16.7600720202,23.2494099619,18.046165861,19.5092063793,20.3027038074,21.7289071697,24.345690946,26.7388458585,30.5794658897,28.2764969222,30.4729726432,25.952293162,23.7154472164,20.1642687696,15.2900742022,14.0011896795,13.729526388,11.9659722716,12.109790582,11.9026731936,8.30561193762,6.50295100311,7.53776191135,8.46277634384,0.0,4.86013886307,7.31391465042,6.86755561687,5.76778782196,9.14932647473,10.8564284794,10.6431248263,11.8456140092,14.2207094361,18.5121815908,19.5735682038,18.8881902121,19.3225711578,22.3559243863,21.2318267863,23.2713614974,1AUG ,1
I,I,I,I,I,I,I,I,195.0,I,A,0.0761421319797,195,I,A,0.0761421319797,I,0.9409,I,1.758,ILE,195,1.4318054148,1.52181537288,ILE,195.0,0.996306878527,1.11702142798,0,1AUG,I,195,I,19.1475655784,18.7721932311,17.0833715479,19.5713223555,12.5095994484,17.2217578087,11.9918857237,17.0022963825,17.914420342,20.807823067,25.1687313824,25.1004171935,27.0238131459,29.0775175827,29.8377779762,25.6538090177,27.4698967093,23.0514369744,20.713944212,18.037238624,17.1105755701,19.2081070787,18.5792992976,13.3169843916,13.5929942209,18.9440051873,15.2174970283,10.1785342279,17.1008037313,15.4227221796,12.609191855,13.6782634429,8.87730407192,11.3093781807,12.9113056224,10.9486078406,15.5945504906,11.4938174181,16.9541990133,15.4227385157,20.8548959924,22.8154210652,21.7762627906,26.5414386643,24.9327818708,29.2917060672,29.9435806955,33.2034952562,31.0204076672,26.6281915972,27.2023510794,29.4161572609,26.4153809058,22.8151402989,29.220724912,29.0388655782,23.5355834963,23.4414733482,28.2672465732,25.1058741409,21.444714726,25.9821251395,19.6373020254,18.5775765318,14.1614107614,17.4771397659,11.5576885683,16.5260022751,13.38734508,15.0792880017,18.4013714806,17.8168219724,20.9413433601,20.6901019272,18.4616554802,19.2337174014,15.1234028311,9.40829258619,14.1196468604,11.1441510899,16.888060495,18.9042483144,22.3126595098,22.7839529416,26.6010281332,31.6150734746,31.3688761297,31.5106512464,33.360098127,32.6526309976,27.9711713473,31.9552790811,34.7511629987,31.5472972172,28.8117336634,33.3477601892,34.1141258294,34.4662277827,36.1692076569,33.9376223195,37.4397941514,35.3217116636,35.5303621999,35.797701162,29.7831906725,32.4676155022,36.663685046,36.7223951559,34.4418459173,30.68458299,31.809602275,28.2278472178,26.6681905847,23.9314166873,17.1198061547,17.690185043,13.3699731032,12.3105469494,13.7720587754,16.9582282786,12.7632431399,8.28115427325,10.4183844761,11.6133171399,6.92799112444,5.16476587304,11.7736454735,10.2288925963,6.01214124994,8.85678498541,7.68074409269,12.2016961676,10.2258764219,13.3905597278,15.4467212272,17.7787500444,20.4760896229,23.4560230752,21.4053184674,23.4188552593,28.2453045212,27.1238077694,25.9620003468,21.7062039431,24.7791473272,27.6320908958,21.8790683431,19.6079587852,27.4032402586,25.0021280649,20.4767952149,21.3540272154,28.1254194014,27.16477804,22.3810963717,26.7103213881,31.2993737755,30.7046519878,26.2787590301,27.185613472,24.0446197657,21.1367257238,15.6174028434,17.7028336333,15.6163050359,16.7994988199,10.9554946438,17.4818648649,13.3632710756,14.459798704,21.7902003396,17.8996145192,19.0053976069,20.7016012909,21.2974241274,23.2401627294,26.4756715096,30.2459182629,27.2357195349,28.6497321022,24.1009942554,21.1421783949,18.5671655634,13.1872344083,13.539968411,14.622918899,13.304053588,11.0987887579,11.0945642901,9.75205181485,6.33621149555,5.52364096614,7.84586563466,4.86013886307,0.0,4.75880834284,6.77681431869,6.26662762761,6.18509598909,9.09162363565,10.4223915065,10.9728581196,11.82789412,16.7201991805,16.8143783241,15.1011069734,15.2169836253,18.1099636288,16.5560907253,18.5032710673,1AUG ,1
A,A,A,A,A,A,A,A,196.0,A,A,0.0077519379845,196,A,A,0.0077519379845,A,-0.3181,A,0.6604,ALA,196,1.62914850677,1.67356571769,ALA,196.0,1.20207844195,1.25993360203,0,1AUG,A,196,A,18.536674798,17.3416795875,15.0413134867,16.9112143173,9.57478935119,13.3317666705,8.51032987726,12.8194576755,14.3096770423,16.9397542069,21.811095009,22.4976929564,23.8130289373,26.1445296872,27.2655976083,23.6766553853,25.8155623536,21.5327276303,17.960786857,16.3186897986,14.1746403537,16.639306195,17.1134071785,11.6722616207,10.8117154345,17.5035839212,15.0673215722,9.19045304474,15.2114648074,13.9238765196,12.1404308545,14.0517395141,10.5616698129,12.8601214482,12.8957811897,10.3189725917,14.1087452886,9.83880844557,14.2739417908,12.8051130707,17.4829911991,19.7014769749,17.7446925944,22.6318110438,21.2778053673,25.2541954891,25.676052164,28.7172223838,26.9731994983,22.2618955926,22.5610308586,24.9685024192,22.2746939979,18.2977349609,24.5988224967,24.9664715364,19.4969810471,19.1563104152,24.1650267052,21.843532436,18.2283766567,22.444941372,15.8696288703,15.6183281097,10.6228779308,13.0646983232,6.9466677854,11.8786194161,9.48815609277,11.3138322352,16.0770766346,15.0995766875,18.3987077653,19.1002372396,15.8001485064,18.6986549948,14.5669990313,8.240644589,11.6300226744,8.03521222341,13.0730352631,15.9955873434,18.4136154937,18.3751578236,22.4005988093,27.0496109976,27.0791591011,27.0226821503,29.3411131068,28.6455990738,24.5619221035,28.5991148749,31.1745028304,27.5791330791,25.3697504182,29.4621268358,30.3781009432,30.3131047441,32.3647573064,29.6637273616,33.3319679411,31.1460385655,31.0402607494,31.2188946228,25.1464004277,27.7425385506,31.9443509532,32.0827531382,29.7869281301,26.1956067317,27.5058296759,23.9636288573,22.1111160239,20.1839235287,12.9554481915,13.3398751023,9.08999319501,9.550029412,10.5243613424,15.3253234158,12.4135483521,5.57858314873,9.27740037414,12.2456174221,8.69168265421,5.73718313262,12.8200681654,13.1047717873,10.5665233075,12.3512788623,9.79866427377,13.2521829687,10.3017695097,12.1348755143,13.2078723476,14.8020839764,17.7711800514,20.0032441607,17.4543081835,19.7330619234,24.3321447763,23.3029058627,21.8577241184,17.7248455087,20.4482976747,23.0900210976,17.3310797885,15.0505370122,22.7598954725,20.2848560664,15.7311293855,16.7104240553,23.4058460569,22.5066706228,17.8681111388,22.2642363701,26.6329883926,26.1886777428,21.9938267068,23.1688137612,20.3414922443,17.0429751651,12.4662902222,13.3678646817,10.9119419755,12.3622488706,6.7230816758,13.8933742765,10.8485264632,13.2778632133,20.1513378735,17.2159088569,19.4759063971,20.7155415068,19.9071030489,22.8737093665,26.3445363904,29.3844904065,25.9102570566,28.2069710106,23.4176013396,20.6051354401,18.689599781,13.4388969543,14.9169960887,14.5408412149,15.0552042841,13.4024574984,10.6074506476,10.1896005111,10.1864113478,6.16464981937,5.42340973448,7.31391465042,4.75880834284,0.0,3.8455853291,6.56041502125,5.90530642347,6.14280798259,8.57661012099,10.7918838461,11.5435552851,14.6706554093,15.6394425306,13.032430638,14.7704357309,17.5356565458,16.0158370009,17.6181332492,1AUG ,1
A,A,A,A,A,A,A,A,197.0,A,A,0.0,197,A,A,0.0,A,-0.1723,A,0.7875,ALA,197,1.55775825364,1.60501796399,ALA,197.0,1.19303919112,1.24985267247,0,1AUG,A,197,A,15.8371020292,13.6871587652,12.1494304277,13.2151399824,5.94422143148,10.6212564544,6.18592527799,11.6503394194,13.2760792232,17.0556029959,21.3868396721,22.4121871578,24.5894354652,26.7581919496,27.933039286,24.7477178732,26.1476849975,21.9265210131,18.4503401666,17.5014972234,14.8104369047,15.6249546898,17.0140034374,12.041311466,10.0105082172,16.4727249584,14.7264348891,7.53215037084,12.3802790481,10.6703535552,9.15545376302,10.8645820669,8.41877479187,10.4702290289,10.2809234331,7.00042089864,10.2775176124,6.27386924253,10.8309146325,10.271738583,15.0212887797,18.4950802661,16.7578490613,21.730627513,21.4597579167,24.9204686041,26.0479337201,28.5395484581,25.9793256868,21.7585902994,21.8366669738,23.6479511298,20.740431534,16.8440080073,23.1781510675,22.5981912079,17.1589234216,16.8285733296,21.5332423739,18.8447107577,15.0082087895,19.249765028,12.8688710073,12.4167871826,8.02434327506,11.0728538622,5.91038189076,11.3978236554,9.92785313563,12.5992126538,17.7607903517,17.4880522314,20.6177794837,21.8452892302,18.6987998958,22.2289222183,18.3186647533,11.7101752088,14.8344362915,11.1297363844,15.3126588312,18.2665604097,20.1943484482,19.388439763,23.8226561269,27.5712504622,28.2434832303,27.4982899138,30.7500894089,29.7180841686,26.2789647167,29.9692202736,32.0288299237,27.8405982373,25.4565760314,29.0262065222,30.6012008596,30.2807185334,33.3726895685,30.2288236003,34.3953209969,32.3020537028,31.4589115189,31.6877140989,25.4299605906,27.5440642632,31.785866174,32.2388891815,29.8326339073,26.4148759919,28.3946746634,24.958270333,22.1718548799,21.4851033682,14.0442543885,13.5131387811,9.38909168942,10.1192614462,12.6558404421,17.8510480105,13.5529624848,7.98329756975,12.7257918261,15.387705993,10.8154649496,9.44875627794,16.4705655152,15.6526001519,12.7198953556,15.4244679089,13.085363369,16.9015873001,14.1469703854,15.8295056814,16.35308281,17.7207274012,20.5998626756,22.4035203061,19.3431598798,21.8400557383,25.9703613781,24.43483816,22.3889006352,18.82246382,21.599653925,23.2171899703,17.0929577039,15.9007648927,23.0607567734,20.234508073,14.9821152576,16.5694979348,22.869868401,21.1074032914,16.6510547341,21.5687629489,25.5382954338,24.4977942534,19.818879675,21.4332302092,17.8854939637,14.8757770679,10.9509741919,12.5353286533,10.4312091471,13.3631113592,8.71849793313,15.9696167579,12.9061823912,16.2273108566,22.4512136773,18.9220188857,21.6888790073,22.2510891637,21.5979800368,25.308372904,28.3132146865,31.1978937208,28.0389675079,31.047103405,26.2151125572,23.8085592451,21.4835235012,16.4713546156,17.1500980272,15.6463062423,16.2447370053,15.8921660954,12.7410502816,10.9468696659,11.8865084026,8.86957094346,6.75466420204,6.86755561687,6.77681431869,3.8455853291,0.0,4.72962507103,6.73168611781,5.23081600663,6.07819152865,9.45104820419,11.5220506143,13.686797292,15.7756661554,14.4798752847,16.6224804635,19.5324665151,18.7779314364,20.6204742866,1AUG ,1
V,V,V,V,V,V,V,V,198.0,V,A,0.166666666667,198,V,A,0.166666666667,V,1.803,V,2.51,VAL,198,1.34391135532,1.44796587624,VAL,198.0,1.0092729489,1.11615973793,0,1AUG,V,198,V,13.1717772973,12.6504573837,11.3083361674,14.5037055309,8.00546878255,14.1950163692,10.36312589,16.2110496629,17.7162059224,21.7530166025,25.8524937503,26.5922587376,29.1522520427,31.2186283684,32.2388644643,28.7515320314,29.8683004299,25.5454692682,22.766210481,21.2757825884,19.175485863,19.5246065466,20.4477481333,15.6024586252,14.1011765505,19.5773733553,17.0402688181,9.92832443845,14.7827788757,12.256806605,9.76017773129,9.37010960652,5.43530357085,6.571334728,6.86877779837,4.84701389754,10.1823535017,7.76282294677,13.1966994108,13.5748767527,18.6356766968,22.6200836582,21.2956066747,26.2400686633,26.1216683219,29.5853500667,30.7443086648,33.141393846,30.4553214731,26.3865841434,26.2444695416,27.9338047012,25.0136313847,21.061530284,27.1820865811,26.1728795039,20.8915725218,20.2092282916,24.4464160037,21.7641818268,17.7057286002,21.2861291118,15.4930174562,13.2340791802,9.90713033508,14.6545114926,10.2872652675,15.9534740014,14.5751043963,17.1309473837,21.8311477114,21.5079293861,24.6960504641,25.3779256235,22.3507785752,24.7675254311,20.4571466834,14.4032797554,18.1381308411,14.0052230745,19.1274177307,20.3248850215,23.5206584831,23.1447454696,27.7291058637,31.5184014022,32.4872787804,32.013170401,35.1665243857,34.3403234451,30.740348921,34.5396342357,36.7080756614,32.5670194429,30.0517843009,33.6406281522,35.2968068835,34.9848455504,38.0483354361,34.8857007361,38.9611838422,36.7517913411,35.9701546695,35.8398096927,29.7277119483,31.4718432981,35.9285373611,36.0763672366,33.5995286415,29.7486516958,31.8415723598,28.3668322452,25.5845440886,24.0512448343,17.0840217314,16.501377612,12.3048345658,10.8705321929,14.8553211546,18.6451744096,12.0838624226,9.47259257776,13.9736428024,15.0570841595,9.04739539248,10.4123604322,16.7256552168,13.6692098513,10.9509764989,14.6097155916,13.9113237365,18.2822220746,15.5746620746,17.9515032367,18.4883520589,21.0039263038,23.1346449365,26.1372044754,23.3986439522,25.8953132874,30.3147149029,29.0737498748,27.1066869594,23.4485562613,25.9302516733,27.7914069775,21.7091187166,20.0053924507,27.0156264132,24.5143722408,19.0315351192,20.1547791673,26.566078861,24.7422295513,19.7529474843,24.4377996462,28.9408366772,27.5709887725,22.5825529839,23.3627690332,19.4653362678,17.2808046445,11.7120308701,15.3353073026,14.2903262057,17.8451739153,12.840484526,20.2088804741,16.8664745307,19.3870271765,26.1573290853,22.0862473113,24.0898867767,24.9707485236,25.2378960562,28.2979550744,31.2054752119,34.6002915336,31.6712046663,34.0327471456,29.319470873,26.6280524618,24.0422381454,18.7961709475,18.8236199315,18.296082292,17.4533718603,16.8127535892,15.6003925435,13.0231690349,11.3421389155,10.735055603,10.4401680054,5.76778782196,6.26662762761,6.56041502125,4.72962507103,0.0,5.30641857823,6.24077998876,5.13089303383,6.30758945016,9.2291243387,12.910531172,14.4438291687,14.8688784902,15.7526217264,18.8785799905,18.8079166313,21.2237601762,1AUG ,1
T,T,T,T,T,T,T,T,199.0,T,A,0.0581395348837,199,T,A,0.0581395348837,T,-0.158,T,0.8,THR,199,1.40270385283,1.44741498135,THR,199.0,1.02021119731,1.08727879358,0,1AUG,T,199,T,14.8517291131,16.1763193226,12.6644590985,17.9016806618,10.8582522049,16.3092324913,12.7578238872,17.4221568261,19.4674466656,22.253090523,27.3096406257,28.2851724407,29.4296344123,31.8940718,33.1088273854,29.552514952,31.6774418564,27.3671854728,23.8054367439,22.1833633031,20.0055719222,22.0539101772,22.78352456,17.4216147236,16.2720939197,22.7486712129,20.089618016,13.5407173551,18.9195968661,16.7981308274,14.6565212898,14.6627207402,10.4529305026,11.1815252664,9.68770459096,9.28209885547,14.5721335399,12.1532697993,16.9116018954,16.9914273262,21.4962637699,24.9400922989,22.574956677,27.5839587444,26.7042273298,30.2430282195,30.2448763451,32.8882781476,31.7068160667,26.7700700672,26.2425189599,28.8099661205,26.5346778402,21.8268321768,27.6048324667,28.1322693367,22.8716903471,21.4364981452,25.989422851,24.9486249227,20.8899969229,23.5058648445,17.3982911757,15.0126927383,10.6161872879,15.2554002964,10.4238572583,15.897971061,14.9740290772,16.6865229376,21.8085841526,20.2025532933,23.651220353,24.0772373751,19.9262150288,22.3179403939,17.3395769209,12.6643311247,15.5246689355,10.6650877847,16.4484489963,15.7981212663,20.0966152111,20.5758247011,25.0175377953,29.4084748042,30.3194264694,30.8235618341,33.2323241369,33.1523286909,29.4285135453,33.7726498872,36.4145716348,32.6253224654,30.8985554718,34.5581355985,35.6496185602,35.1172201448,37.2210052714,34.0203785454,37.4880151443,34.9452992905,34.7934018021,34.0015334645,28.3189869734,30.0608040582,34.7264087969,34.160967703,31.7378268763,27.3423840251,28.9217058733,25.3722412775,23.4362898035,20.2603216468,13.9703348298,14.0688287975,9.90982744694,6.97181216792,10.6806703444,13.4846438858,7.3133895731,5.30177019883,9.49621842688,10.1844947608,4.7998980648,7.70797168724,12.6399115476,10.0944838218,10.2563991233,12.571429943,12.623955903,16.0704554817,12.2977542305,14.2562438375,14.097984814,17.6630695894,18.8298949445,23.0853107563,20.9174597072,23.3776958497,28.2734202729,28.2180219628,26.7351450709,22.6102816762,24.0375480275,27.0983833284,21.5623134952,18.0578762871,25.1557907486,23.4472877737,18.4535909152,18.4254498894,25.3239418729,24.6219919401,18.9031260748,22.7443536145,28.1607580425,27.4292209775,23.0159531891,22.6365385514,19.8351950607,17.4510557786,10.4399541868,13.8424543066,13.2693230576,16.6175310594,11.3678969738,18.5574204034,16.5045488013,18.2236239658,25.5442438204,22.7970302547,24.444284744,26.0927328584,25.625103252,28.0173010814,31.6616158447,34.9544499308,31.3741980799,32.945122406,28.2878515284,24.9362372923,23.4193224569,17.9424945575,19.3524100683,19.9261253873,19.3455782427,16.9929301741,15.9957592942,15.1263214533,12.3909303756,10.7382704211,11.2737974658,9.14932647473,6.18509598909,5.90530642347,6.73168611781,5.30641857823,0.0,4.72640933935,6.42604266392,5.97568115138,5.88563754662,10.6839466976,10.7177170427,10.0477355062,10.5977501704,13.6932550198,13.522488158,16.022179527,1AUG ,1
A,A,A,A,A,A,A,A,200.0,A,A,0.0,200,A,A,0.0,A,-0.007423,A,0.9313,ALA,200,1.51892424592,1.52297522225,ALA,200.0,1.15725461931,1.1709888043,0,1AUG,A,200,A,13.597676935,13.6219552645,9.6394933106,14.2434696706,7.3112351366,12.2110937775,9.90499879393,13.9699046706,16.5570761463,19.4861907716,24.5847273631,26.270640582,27.2983692178,29.8593370156,31.3491514367,28.4568895751,30.4629403805,26.3493069683,22.0398661756,21.471539296,18.3093098862,19.8766792982,21.723353248,16.631223255,14.3570806728,21.3545829792,19.8801005136,12.7316732183,16.6257773879,14.7195941753,13.5930893661,14.1082567217,11.4802427748,12.1408249958,9.33130939653,8.11593161979,12.1284141756,10.1781460223,13.6640201651,14.3850053919,17.9794676761,22.1409640796,19.1374906638,24.1599780836,24.0144057402,26.9128968326,27.0305839474,29.1749347263,28.0334263016,23.1114512533,22.166515515,24.6141908184,22.5954833702,17.5743591633,23.1363426296,23.7540566779,18.6486906749,16.8213244521,21.3414546092,21.1000590171,17.0426300708,19.0926832081,12.9263554805,10.9583802629,6.05092914851,10.6806710008,6.78875781087,12.2390828211,12.7476788051,14.7693430477,20.9075604835,19.3920575117,22.7923433043,24.1237832819,19.4304142614,23.5805833524,18.8884499596,13.6480806949,15.4650574728,10.398683354,14.812322586,15.011126925,17.9880863021,17.558924346,22.3972473042,25.9375157602,27.4474049951,27.4353664649,30.6936438804,30.4577868512,27.5772362355,31.7342494359,33.9274943726,29.5910857391,28.2507910768,31.2460720952,32.750562102,31.7543444245,34.6181015489,30.8441564556,34.665538445,32.1331691239,31.342165401,30.485248572,24.694643928,26.0569675785,30.757500682,30.4138889842,27.9153740991,23.7413317874,25.8766601151,22.4287780082,19.6723240186,17.9900362055,11.1956170128,10.4383018029,6.37121428087,5.22451678164,9.62904772576,14.2550105478,9.33266153776,5.62409050987,11.2290247761,13.3867027882,9.30351172776,10.3050839682,15.7995797902,14.6204818305,14.3659477234,16.5634383334,15.3677028592,18.502141225,14.5303084814,15.5018269261,14.4383192925,17.0438522021,18.4315881144,21.6661698284,18.8522674267,21.603229981,25.9937246823,25.7794827314,23.8067312367,20.1482698322,21.2026263599,23.5411487939,17.9486789279,14.9108875558,21.5081109458,19.6148385195,14.2205277892,14.4699257441,21.1189863371,20.0460139596,14.3900547604,18.5983552395,23.6947834363,22.7780005399,18.2996207206,18.2853800082,15.3837364366,12.769414977,6.55465636473,9.52016309429,9.18289111652,13.8682713953,9.71718145914,16.9998608621,15.8384228151,18.7428020796,25.3066371284,22.9571079396,25.5515717995,26.5885607251,25.2702004578,28.6649977209,32.216289908,34.9114240937,31.1933091255,33.7353607332,28.9172163766,25.9321544223,24.6040847367,19.3724344577,21.0476079307,20.2716935195,20.8437408785,19.3762137456,16.5938113109,15.7646871467,15.295302234,12.2730382487,10.8332509857,10.8564284794,9.09162363565,6.14280798259,5.23081600663,6.24077998876,4.72640933935,0.0,3.9184185156,6.58684904937,7.41371307774,8.71242538209,10.7566726552,9.89249514123,12.5243320721,15.3498197189,15.4849222619,17.598005533,1AUG ,1
A,A,A,A,A,A,A,A,201.0,A,A,0.0542635658915,201,A,A,0.0542635658915,A,0.2836,A,1.185,ALA,201,1.37601674613,1.38472277346,ALA,201.0,1.06574233632,1.08266755492,0,1AUG,A,201,A,10.1392660682,10.0216090443,6.70163865501,11.9278958109,5.8577216168,12.0969771092,10.4029650144,15.3040553849,17.6890114815,21.5404395967,26.0009718317,27.6664398969,29.5974087786,31.9318722537,33.3330099983,30.5210809226,31.8471906992,27.7269818721,23.9155803968,23.4539521833,20.3247665572,20.5826973477,22.7144601991,17.9934211118,15.3834933447,21.6308735098,20.2761143108,12.6480962267,15.5712742206,13.0975359321,11.9258674703,11.3545591485,9.48079019899,9.27002097179,5.67869729269,4.79744964973,9.10697559444,8.62979500615,12.2236482264,14.030017704,17.7456411497,22.8569827719,20.4226140159,25.3988538206,26.0246210276,28.6534863348,29.4496839448,31.2080793689,29.2024289327,24.8725538357,23.8580526655,25.6596703912,23.3804226052,18.667716494,24.1420903477,23.6253953905,18.6856286234,16.895792905,20.8336572914,20.088712142,15.8379444078,17.6326576365,12.0804253601,8.83182591663,5.61645629277,11.4722141855,8.91097969575,14.3678117996,14.9844840904,17.5208424632,23.450237096,22.578836387,25.8638811128,27.2532548755,23.0454715273,26.96753332,22.3859213764,16.7125706089,19.0932209572,14.2258163804,18.4916098872,18.674830326,21.5591448464,20.7273431603,25.7272961894,28.6356621601,30.557122125,30.0400111866,33.8728049856,33.3423655765,30.709245512,34.5878260006,36.4560837455,31.7871765992,30.097878832,32.8195193381,34.8188190755,33.7710003989,37.3671720546,33.4177412246,37.5875497353,35.1667865144,33.8783119948,33.1022066514,27.225706713,28.1724225704,32.8652682296,32.7629787356,30.1935430174,26.1530557152,28.7890677486,25.4634999102,22.0548007044,21.1689960419,14.5823980983,13.2282778005,9.63507566,8.20574892519,13.4428872139,17.6307680086,11.0286032988,9.3484796585,14.8106417823,16.291490265,11.0968249752,13.0966683699,18.839693492,16.29909778,15.4116002005,18.4796070127,17.6516824035,21.382901844,17.7930193138,19.1866061803,18.3149889507,20.901681531,22.3062724056,25.4013693244,22.379134198,25.17563405,29.3060965206,28.6136785661,26.2868673869,22.9974211236,24.3303840084,25.9009214811,20.0738488279,18.0101181548,24.106425518,21.965801984,16.1385009555,16.8758040683,22.9948689962,21.0995660931,15.6814992468,20.1996025023,24.9339587326,23.3398541878,18.3194709643,18.4689661803,14.6157621162,12.8070425065,6.87402752306,11.4135187431,11.6147512771,16.8871435433,13.0020913373,20.3334757407,18.5385798248,21.7092481458,28.1349013084,24.9850003168,27.6241731362,28.3128005947,27.5561585879,31.2079336587,34.3605131934,37.2031956447,33.8616129419,36.6825516667,31.8517987418,29.0887416336,27.1991708569,21.9824472556,22.8275914389,21.6673868069,21.785916087,21.0972925606,18.6999660244,16.7670159597,16.1717561847,14.2868192612,12.7688862579,10.6431248263,10.4223915065,8.57661012099,6.07819152865,5.13089303383,6.42604266392,3.9184185156,0.0,4.69437960664,7.70335899188,8.62697392524,11.571151241,12.7717554689,14.8553114109,17.7905193736,18.5727848727,20.977916825,1AUG ,1
V,V,V,V,V,V,V,V,202.0,V,A,0.431034482759,202,V,A,0.431034482759,V,1.907,V,2.601,VAL,202,1.12429719885,1.17636224404,VAL,202.0,0.823022057731,0.879570551944,0,1AUG,V,202,V,9.0502515032,12.1567427466,8.39411535634,15.8369295427,10.44742099,16.78509795,14.7641997303,19.7972663913,22.1099143287,25.7283333507,30.3803577424,31.7803410636,33.5511254546,35.9389992788,37.2535263308,34.0728287668,35.574604711,31.3197380853,27.8030962771,26.7516070385,24.1067616789,24.770292734,26.3147381776,21.3626224881,19.3655783378,25.3940132033,23.2729617592,15.9274156617,19.5941895687,16.8482049587,14.9927310171,13.3283754211,10.3156323802,9.0549170759,4.91472884253,7.11896012216,12.3885442879,12.4026314709,16.5734639161,18.3294886238,22.3713731986,27.3173760503,24.9651384722,29.9709787981,30.2397377924,33.0866252572,33.5157955114,35.4226831109,33.8127402539,29.2801310275,28.1439641119,30.1918231091,28.0398792224,23.1748519293,28.4469799697,28.183906965,23.3386441457,21.2789871103,24.9772008639,24.5746860387,20.2974125522,21.5011248182,16.44538682,12.2086126986,9.81401058975,15.8662683818,13.0258049298,18.5657496907,18.8348878045,21.0750931753,26.6987335958,25.439598347,28.8529118037,29.6847334121,25.3443756969,28.2732569227,23.2715360296,18.4437886922,21.0927006534,15.943336903,21.061257062,19.403606433,23.6644041899,23.5643262655,28.4903584353,31.774673818,33.7407678318,33.8225353987,37.1695179729,37.0365086469,34.0775646491,38.2399297502,40.4267073439,36.0061858413,34.374695135,37.3165013493,39.0905168144,38.0878042189,41.1963272065,37.3432838049,41.1864061186,38.5806024022,37.6734205267,36.4566303103,30.8644493276,31.6540899232,36.5266852165,35.9223730184,33.3554921019,28.813363195,31.2208911172,27.8596924695,24.9493185096,22.6360575333,16.8658897858,15.9194790338,12.4071277072,8.82443804595,14.6492362922,17.0325385292,8.4853181567,10.3526898006,14.9934393925,14.9273929078,9.26820673825,13.6374138343,18.1048599234,13.9104543474,14.4244737714,17.5831404141,18.2064414063,21.9577843187,18.240850632,20.0131779157,19.0649827098,22.7692858665,23.3293214027,27.7267425883,25.2095187098,27.9263626391,32.4730699677,32.3461375979,30.3184547202,26.7031269889,27.6609906619,29.9184525096,24.2864432754,21.2938586248,27.4053967804,25.7775998013,20.141026368,20.1539137951,26.4797385182,25.060832818,19.1536401817,22.9948724086,28.4253735975,26.9119598857,22.036665965,21.0292656237,17.5557622437,16.4064705358,8.94732504481,14.5685914419,15.3871877883,20.4543559046,16.0150439221,23.3789315409,21.5340487061,23.8747264358,30.9148025784,27.7262695077,29.6637006118,30.8718022581,30.597827599,33.5024605177,36.8366745749,40.0836185822,36.7015980312,38.7141278221,34.0021664479,30.8156367711,29.0441505208,23.6083772014,24.4036644623,24.3206810912,23.5146974125,22.0570509009,21.068173265,19.162616503,16.5747222915,15.9365368344,15.7313204698,11.8456140092,10.9728581196,10.7918838461,9.45104820419,6.30758945016,5.97568115138,6.58684904937,4.69437960664,0.0,4.39077534149,7.90740551172,9.21891563785,12.168379353,12.6830908526,15.6787628413,17.1713881228,20.0457662043,1AUG ,1
H,H,H,H,H,H,H,H,203.0,H,A,0.214285714286,203,H,A,0.214285714286,H,1.311,H,2.08,HIS,203,1.12518050648,1.20727799491,HIS,203.0,0.791950005748,0.883214431382,0,1AUG,H,203,H,12.0629203556,16.0865864895,11.1720040308,19.2858916298,13.4493896938,19.1350373175,17.0660677139,21.3710103324,23.9425173238,26.6905289955,31.9433282869,33.4321359584,34.2376844595,36.8777737843,38.2998652299,35.0434250809,37.227333349,32.9764158085,29.0249113256,27.8238197708,25.2269210562,27.0095448686,28.3180525311,23.0440190429,21.3692268576,27.9671843115,25.6510407184,18.6451009129,22.9465164129,20.4723465142,18.6377965514,17.4697819164,13.8819013285,13.0330381556,9.24944018491,11.2337653542,16.4188738401,15.8552578274,19.9021299856,21.220135983,25.0486566044,29.4854917537,26.518814917,31.5279921841,31.2040483589,34.1301633102,33.7114165151,35.810434144,35.3078374895,30.1884238109,28.8171923357,31.4996927981,29.7979397364,24.4897098128,29.4690254013,30.3467203089,25.523887931,23.0371183317,26.9538007189,27.5872596854,23.3621912975,24.0818001854,18.8304132766,14.854761353,11.7061316604,17.2785411776,14.1484782577,19.3545923333,19.8177786429,21.4575690327,27.1872103197,25.0927514782,28.6159507763,29.2118239974,24.1848287775,26.9439574521,21.5878762692,18.0020195872,19.9442839726,14.546903322,19.8508087405,16.4146306511,21.6504305385,22.2835566614,26.9992990798,30.7169853574,32.626926203,33.4979160871,36.2041820292,36.6581511076,33.6093671871,38.1356346859,40.6753844836,36.5764685379,35.4878180658,38.5180595625,39.8434061363,38.7188986457,41.0500177873,37.2257507949,40.5535826382,37.7069072691,37.3213167322,35.5783475577,30.4055874222,31.1766726812,36.1729249053,34.9728524053,32.4749404571,27.4972076423,29.4463437524,26.075160694,23.9315305302,20.1563727553,15.3254521703,14.9416203861,11.7723985052,6.81450558709,12.3854929948,13.3310049281,4.21775196148,8.97415150287,12.6768076566,11.8820324851,7.54941230048,12.9049202451,15.7387539621,11.8279702805,14.5698591846,16.7166459665,17.944905298,20.9385478477,16.6787756308,18.0356942675,16.4507932023,20.9608073874,20.5633344605,25.9974239853,24.0108708571,26.6348808868,31.4803204141,32.2585703043,30.6289894132,26.7149677229,26.8702495132,30.0271208952,24.8822558918,20.6114162403,26.6232266405,25.6715272027,20.5416754711,19.629548202,26.2104018937,25.7266902474,19.3585487092,22.3621426651,28.5042625209,27.5414719669,23.2229942534,21.2467794745,18.8322129932,17.5408759572,9.23587860828,14.415862565,15.6307959319,20.3512705402,15.9362268328,22.8663444512,21.8995270133,23.6076550907,30.9098954644,28.6073884789,30.2356391743,31.968686437,31.2725726775,33.6378378033,37.4470957438,40.6417101172,36.8430491746,38.2191341472,33.6149946416,29.9942502787,28.9795321681,23.4983438938,25.1196451806,25.7893667875,25.0791713999,22.5628934078,21.8312636313,20.9195319321,17.683534368,16.5907176357,16.9313730945,14.2207094361,11.82789412,11.5435552851,11.5220506143,9.2291243387,5.88563754662,7.41371307774,7.70335899188,4.39077534149,0.0,6.7711643737,5.66018457192,8.62102859994,8.41560351604,11.3460027741,13.2556358249,16.2655571728,1AUG ,1
E,E,E,E,E,E,E,E,204.0,E,A,0.417040358744,204,E,A,0.417040358744,E,1.884,E,2.58,GLU,204,0.996751197866,1.15999899913,GLU,204.0,0.688686441579,0.830466382631,0,1AUG,E,204,E,10.7401124969,14.5506469679,8.11552478038,17.1054366828,12.9782802382,17.3290864095,17.4603751506,20.4880350538,23.6857534109,26.2419366529,31.5168789304,33.9424528672,34.2905323763,37.0921182161,38.8881713797,36.4960168567,38.6612045541,34.7014697522,29.8664551594,29.8546965386,26.2496289056,27.5831119216,30.1188504998,25.2004908656,22.474175409,29.429798873,28.379493285,20.9219754329,23.3727731977,21.1296526921,20.4532245003,19.4728122936,17.5535513154,16.4316885286,10.9733637217,12.8349407884,16.1867543837,16.9498487994,19.09792493,21.4863265983,23.7885082412,29.1419652925,25.2604253289,30.0341696781,30.6704916221,32.5150151522,31.8632844655,33.0631638377,33.2033407101,28.0920296189,25.7748510352,28.3908160959,27.4850102458,21.7001153795,25.5452490135,26.9480327175,22.8546630845,19.2826260026,22.4896134704,25.3543059966,21.3002273204,19.8906458774,15.6294116113,11.2384521318,9.36893212301,14.479808803,13.9263351048,18.0551589014,20.4859313009,22.1488811029,28.8608796302,26.5930373491,30.0293589014,31.5575641059,25.6625911114,30.2790689538,25.0827380571,21.3749116033,22.0170994513,16.4604535044,20.025736436,16.1457051071,20.1346668336,19.8955581345,24.9659215834,27.2019550327,30.3513023356,30.931584191,34.6002930933,35.2313999899,33.5024499219,37.8663063806,39.8670680429,35.1592797632,34.9311753166,36.8554255609,38.646563325,36.704950623,39.8292293559,35.12327705,38.6265593536,35.6553492717,34.4856556255,32.0700047172,27.3015062394,26.9658612072,32.1042826698,30.712056956,28.1381188908,23.1098424997,25.8963106598,22.8685691829,19.7575345301,17.4331316635,13.5411174506,11.9947628813,10.4955253913,6.85044844459,12.8373913234,14.825779606,8.63745707457,11.7065874118,16.1562761177,16.6831617768,13.6547814012,17.4455150932,20.6051526402,18.2050259613,20.6802191695,22.6840575377,22.8946434737,25.5135237936,20.8564709395,21.1088959942,18.1905182697,21.9607208656,21.0557447696,25.8045179567,23.3710000789,26.2601547698,30.4114034121,31.5511181764,29.4489141441,26.2407264055,25.1926605115,27.6205788243,23.0147322369,18.8432788468,23.1952526232,22.7001794,17.5259706612,16.1391171222,21.809100055,21.2399623895,14.7262744574,17.1208832513,23.3528589656,22.1141578062,18.0775414978,15.0059832002,13.145255379,12.7124649823,4.8871689026,10.6511336432,13.6124916656,19.7838850076,17.0924740504,23.4695287746,23.9131453903,26.5752389847,33.0978995007,31.4982853023,34.0129454693,35.235398578,33.5427979858,36.8280134788,40.6607622192,43.1621157365,39.0945747953,41.3483102445,36.6139835997,33.2403101823,32.6715247371,27.3943845139,29.4554629074,28.9819506866,29.3478502624,27.4483147645,25.1513017207,24.4168872655,22.9595791723,20.6449859607,19.4986944321,18.5121815908,16.7201991805,14.6706554093,13.686797292,12.910531172,10.6839466976,8.71242538209,8.62697392524,7.90740551172,6.7711643737,0.0,5.12251553274,9.04002059958,11.5492040631,13.5715065046,16.2227778618,18.6902688844,1AUG ,1
D,D,D,D,D,D,D,D,205.0,D,A,0.502590673575,205,D,A,0.502590673575,D,3.868,D,4.311,ASP,205,0.955410976094,1.10648030819,ASP,205.0,0.617994287725,0.745746358015,0,1AUG,D,205,D,13.9781438421,18.8570425672,12.7639541445,21.7774716471,16.7372530029,21.4055012463,20.5141034639,23.6790883745,26.7416309029,28.7649001083,34.4249052254,36.491325634,36.3282707286,39.2408637302,40.9480708258,38.1239587183,40.7749697509,36.6921059904,31.9882898707,31.3264329905,28.2442372685,30.4950577015,32.3049390957,27.0364129843,25.0148453973,32.1065983043,30.314123337,23.2433681461,26.9043139256,24.627808027,23.3509814807,22.3163772263,19.2815435287,18.2496954013,13.5050589436,15.7471802442,20.1209731881,20.1255516265,23.1707625435,24.8873072406,27.7733139077,32.4209208547,28.5533673116,33.3922029825,33.1941290761,35.5266689967,34.2777563863,35.9649204032,36.7403449653,31.2239896784,29.1001726412,32.2051633544,31.3266583754,25.4794219942,29.4599671502,31.4609282364,27.1450740299,23.7575773253,27.2795894352,29.9024874892,25.8099336176,24.9319334631,20.3092025419,16.2026311169,13.5648898295,18.4662834337,16.643735724,20.9168582827,22.6045895718,23.7996273735,30.079379477,27.2431700163,30.7661822647,31.666823097,25.6063305204,29.1895868957,23.6897901627,21.2312445323,21.8076883053,16.2709553389,20.5462845923,14.786679607,20.3609427407,21.2519971066,25.8852523578,29.0391117404,31.6919432991,33.1484776822,35.8176225241,36.9437452887,34.6331209497,39.354518347,41.8655261222,37.6976739381,37.5502760212,39.980413183,41.2253644339,39.5134452801,41.643102323,37.3270560389,40.2576688583,37.1157166171,36.7370330914,34.0409088987,29.6174518852,29.6186642058,34.7750836208,32.8413126846,30.3922402953,24.9598524553,26.9374272097,23.8408638532,21.958797456,17.434602515,14.6021518696,14.1274364756,12.4726337449,7.38116475342,12.3940275373,11.9132190268,5.23513621247,11.5584225488,14.5031395612,13.6746366864,11.8229456041,16.7048621252,18.0806939502,15.3262788748,19.5409475068,20.8691854365,22.0907991229,24.22426518,19.4238507875,19.7173273815,16.6759996651,21.5138282712,19.6771992045,25.8093154922,24.1354239385,26.7857403222,31.444703784,33.2791255828,31.7252660024,28.0191493312,26.7138585076,30.2115850736,25.872008886,20.6241045022,25.3558861574,25.373890027,20.7693730284,18.7507922151,24.8132724167,25.1247938849,18.4486202481,20.0977104992,26.867567341,26.2100793925,22.6298007495,19.1001562821,18.0255246212,17.313757524,9.29264521127,13.9574040997,16.4667518119,21.6086923019,18.3008778028,24.3997435414,24.9447126126,26.6444034835,33.6549077844,32.4141509119,34.2476341904,36.0928750312,34.5902015426,36.9984172762,41.163833562,43.948440002,39.6959964822,40.9868851197,36.4462110982,32.6149433823,32.4773497034,27.1358911207,29.5422466383,30.1539876639,30.0030505476,27.1202557638,25.8351515238,25.6233734293,22.8335414404,20.9645612763,20.8944149138,19.5735682038,16.8143783241,15.6394425306,15.7756661554,14.4438291687,10.7177170427,10.7566726552,11.571151241,9.21891563785,5.66018457192,5.12251553274,0.0,6.80515643645,7.31815966686,9.07218956398,12.5015190319,15.2712854944,1AUG ,1
D,D,D,D,D,D,D,D,206.0,D,A,0.295336787565,206,D,A,0.295336787565,D,-0.9161,D,0.139,ASP,206,1.29469208451,1.2943220379,ASP,206.0,0.829455369246,0.864622248472,0,1AUG,D,206,D,18.9713188381,21.8177085867,15.9605665749,22.8956347439,16.7771916024,20.1652643518,18.6670489577,20.6823943819,23.6850593489,24.4812191451,30.6034913927,32.5850449106,31.3307162851,34.4140651046,36.1711315222,33.3636674998,36.7528038196,32.8356120098,27.7185785432,27.0203116998,24.0547771753,27.6665201116,29.102859367,23.7647613623,22.2185829441,29.7118222751,27.9786443627,21.7658084443,26.1396415092,24.5191359643,23.3810647371,23.6933261811,20.260729238,20.4490127107,16.7758038176,17.3844356347,21.6259004042,20.0408027415,22.9917039723,23.485021466,26.2073755775,29.508342596,25.2474872095,29.9101018695,28.7124096883,31.363046431,29.3502298872,31.6116328546,33.2959854268,27.2803426302,25.5014776862,29.2677487705,28.5850461155,22.7793237597,26.9004228206,30.0436544527,25.5314534879,22.5561513102,26.8542717016,29.3106982197,25.5175520582,25.6956220862,20.1739806778,17.9343223131,13.6214295393,16.7730041429,13.9654140989,17.3187319661,18.7071673537,19.0665331001,25.1225369282,21.576744458,25.0430906924,25.8867848871,19.3479516867,23.2981519371,17.9021036515,16.4654635309,15.862245612,10.6057717211,14.4658896535,8.1751922872,14.2455421806,15.9320950464,20.083138094,24.3310275929,26.067520658,28.150235185,29.8869176739,31.3034927024,28.6449779023,33.5822411917,36.4604874605,32.8759682392,33.0887361214,35.8792778769,36.431383408,34.9385299368,36.0266609732,32.1560106862,34.5906406809,31.4121460577,31.788440051,29.294845515,24.9528191058,25.822992656,30.7798566859,28.7610124661,26.4761096324,21.134387478,22.1455133696,18.8119663043,18.155636949,12.2574484846,9.36278194351,10.263732703,8.82461835909,4.86736759441,6.15592595034,5.79503641961,5.82671615823,7.61996560298,9.12407766393,9.78063381314,10.5958619596,13.066590803,13.6533072632,13.9919794539,18.1612389087,18.2258869921,18.5173359336,19.5557008269,14.4519126041,13.747016711,10.036873458,14.9427766715,12.8964643023,19.2539709902,18.0201438806,20.4687335077,25.3814347466,27.75346427,26.7585109061,22.7367502471,21.1393773329,25.6049437547,21.7742827738,15.5292814615,20.861910184,21.122556046,17.4936833366,15.00186731,21.5761763836,22.9114319497,16.5058034502,17.8881509278,24.6437677428,24.9776750982,22.097988989,19.3709151917,19.1470880084,17.0520520839,10.1995164325,11.7147118148,13.15491775,16.6626539363,13.6820609194,18.6850987397,20.2211682733,21.4544961882,28.1686169485,28.0736166514,29.9017620911,32.0069982872,29.7572364228,31.8612879256,36.3841029362,38.8175736778,34.1968147607,35.243790971,30.8163279099,26.879993483,27.5428484073,22.5190314927,25.9095578806,26.7414372734,27.3354047739,23.8466220622,21.9020379312,23.0127147359,21.0031450884,17.7587315084,17.6913997825,18.8881902121,15.1011069734,13.032430638,14.4798752847,14.8688784902,10.0477355062,9.89249514123,12.7717554689,12.168379353,8.62102859994,9.04002059958,6.80515643645,0.0,5.24842800721,6.65468743192,7.78042341442,9.78028137002,1AUG ,1
I,I,I,I,I,I,I,I,207.0,I,A,0.395939086294,207,I,A,0.395939086294,I,0.8503,I,1.679,ILE,207,1.21047312866,1.17477548962,ILE,207.0,0.766109276828,0.719967944302,0,1AUG,I,207,I,20.0532610856,24.053724662,18.5120787998,26.1887940661,19.771519538,24.1347710156,21.7992093928,24.6857317895,27.3555122373,28.3971080564,34.4126467349,35.855432933,34.9022021787,37.8729685123,39.3912870679,36.0328472317,39.4093368327,35.3135414349,30.8504985006,29.3466565114,27.1122892224,30.8032632193,31.5098069301,26.001086816,25.0988956778,32.2164154628,29.6363273275,23.687515509,28.8935403839,26.9692162395,25.1712490338,24.9289606547,20.7159255568,20.6584082478,17.5964623601,18.8956408501,23.954174348,22.3137431514,26.183457367,26.5187861383,30.0205408685,33.1538329885,29.4463815128,34.2152237879,32.6380702729,35.7793192636,33.8687985094,36.4604481776,37.8508160273,31.9150079641,30.4626359366,34.153298831,33.1331599059,27.5252883234,31.9839093498,34.7046309968,29.9629094376,27.2543649636,31.5588757695,33.2677333857,29.296048528,29.8817742877,24.304574351,21.402688167,17.3053740901,21.2695559604,17.6746418051,21.6683489222,22.0481909586,22.4275794138,27.7034335474,24.2182117583,27.6837137171,27.7087321162,21.7973308232,23.8788247182,18.2656503382,17.7011179702,18.0073733345,13.1735743483,18.0925275518,11.4784211545,18.4417939077,20.7187594225,24.4566396547,29.21844153,30.5036193104,32.8898846307,34.0007869579,35.4990346539,32.1531560718,37.1946761529,40.4050537357,37.1949653716,36.9899782294,40.2874678421,40.6267793413,39.5029960819,40.1088530785,36.698171742,38.8858766679,35.7302817373,36.5593043692,34.1442046478,29.89318385,30.9731625625,35.8774793151,33.7296920553,31.5171955415,26.1062829366,26.7284864344,23.4517421572,23.3064217201,16.6540516384,14.2909725008,15.4252863581,13.3854772498,8.66271127992,10.0985128386,6.52486564613,4.21083531804,9.81027282306,9.64158440102,7.37739756656,8.94598054256,13.2452290447,11.9402640857,10.6366549469,16.5378105739,16.2818557413,18.1291704965,19.1547591205,14.3707128431,14.5468989429,11.8845507992,17.6546266778,15.3135077891,22.5843778118,21.9402410793,24.0841770192,29.3340113686,31.7107284956,31.0198416449,26.6831445609,25.5821587714,30.3820450047,26.3787591609,20.2261560308,25.9000793381,26.1261880579,22.4624711465,20.1873542559,26.8132093979,28.0718353404,21.6283159013,23.0569261167,29.8744203109,30.0979327067,26.9756805281,24.0912610996,23.4952014866,21.7004067044,14.0178017964,16.7042305316,17.8229953434,20.7982881492,16.877672229,22.0160409352,22.6392300538,22.9297087769,30.2129889806,29.700039584,30.6775877963,33.2835860253,31.8383517266,33.0441940588,37.6000385091,40.5804996687,36.1342725898,36.2187939534,32.0146573176,27.7415696641,28.2769402454,23.1521599959,26.2311290969,28.1494717848,27.7513498288,23.5966547391,23.2577946323,24.1899456132,20.4736300564,18.5476390397,19.7432870336,19.3225711578,15.2169836253,14.7704357309,16.6224804635,15.7526217264,10.5977501704,12.5243320721,14.8553114109,12.6830908526,8.41560351604,11.5492040631,7.31815966686,5.24842800721,0.0,3.15269173606,5.49522442859,8.64111219045,1AUG ,1
E,E,E,E,E,E,E,E,208.0,E,A,0.318385650224,208,E,A,0.286995515695,E,1.113,E,1.908,GLU,208,1.11754140751,1.1540404849,GLU,208.0,0.63456607947,0.601397726932,0,1AUG,E,208,E,22.5853817944,26.8279046016,21.037573696,28.8526209164,22.5682058497,26.5678698671,24.4646492075,26.8863741466,29.6416026899,30.2084487768,36.3888338356,37.9363175964,36.4156528734,39.4896656932,41.0788100727,37.8238311382,41.5155214819,37.5174003203,32.8482474941,31.4168570054,29.1858153348,33.2584113194,33.9573521019,28.4722391513,27.6341887638,34.8601388426,32.3486284646,26.5789837254,31.7479474546,29.9207078024,28.2213531333,28.0543628743,23.8647067101,23.7904891264,20.5763132654,21.9563433214,26.8964669574,25.2891911079,28.9483760397,29.2528642005,32.4982286473,35.4543562453,31.4580420794,36.0932598554,34.3179884386,37.3278146491,34.9103588049,37.4774426348,39.5672638335,33.4358684356,31.8012672545,35.7488587531,35.0604470264,29.3395805281,33.4006168321,36.6934170757,32.1210521508,29.201198184,33.423752347,35.7354430563,31.842128147,32.0504166517,26.6236267958,23.8234659015,19.8018548532,23.3821031527,20.082244422,23.5998216205,24.2275173484,24.275730598,29.4676706824,25.5816006076,28.9545374873,28.9042708597,22.6736551162,24.6854962491,19.1680143919,19.6412926301,19.2580720879,14.81548472,19.0894518608,11.1773597525,18.4522810861,21.1943379093,24.5272295574,29.3174263885,30.6220315028,33.5249663481,34.1980494573,36.1306144715,32.9441132131,38.0978730753,41.4313045101,38.4410263984,38.6537634626,41.8358724283,41.9408558724,40.6821017963,40.824243671,37.4237530991,39.1940635564,35.9110785867,37.0463635458,34.2245385425,30.4802636494,31.4066858167,36.2641312049,33.694857488,31.6038329785,26.0476330913,26.2824751093,23.1931971947,23.6848328177,16.1966431934,15.3008258652,16.6894538402,15.3287842719,11.0097563524,11.3731275386,5.99942504546,7.22869655432,12.3284530201,11.2660008502,8.8694193092,11.8426032716,15.6424901668,13.1377321518,12.7182465698,19.1341261132,18.3345831407,20.2947173956,20.6777530616,15.9204349312,15.5172513118,12.3149664924,18.2054391955,14.8798371897,22.7122117912,22.5586094882,24.5165950976,29.713891079,32.7319448505,32.2861120017,27.9818754304,26.2313956461,31.4207226243,27.9279556186,21.292167608,26.3830068546,27.1410769972,23.9937428237,21.23816778,27.5580472389,29.3642039066,22.9728623174,23.6842086834,30.6664934628,31.2101154891,28.5400326589,25.1669903119,25.2075265927,23.5143043867,16.1935114416,18.331026683,19.6811754825,22.3361350967,18.9067801471,23.3001785823,24.5900772101,24.5655074939,31.6252901602,31.7349880818,32.5876274244,35.3737711272,33.6357891736,34.5590883644,39.3064422931,42.1304605055,37.4813763764,37.2043928217,33.1833139157,28.7671393292,29.8667097979,24.9686821357,28.4219926258,30.5530121603,30.2937683953,25.8341747005,25.5103830468,26.8553924681,23.1611090771,21.0719960659,22.2977302379,22.3559243863,18.1099636288,17.5356565458,19.5324665151,18.8785799905,13.6932550198,15.3498197189,17.7905193736,15.6787628413,11.3460027741,13.5715065046,9.07218956398,6.65468743192,3.15269173606,0.0,4.78212726345,7.40443019165,1AUG ,1
T,T,T,T,T,T,T,T,209.0,T,A,0.482558139535,209,T,A,0.43023255814,T,1.874,T,2.572,THR,209,1.34427619744,1.2062186664,THR,209.0,0.758157085746,0.594213415448,0,1AUG,T,209,T,25.1202013407,28.301941742,22.9401019598,29.541136591,22.7090935417,26.2199233741,23.4324922314,25.4883341057,27.9050733948,27.8903052858,34.0871070039,35.2624601109,33.3632335691,36.3980889888,37.8574768436,34.3981338835,38.42611635,34.5199243004,30.0216344181,28.2383658447,26.4833124948,31.2701515138,31.4050727455,25.9858653146,25.7509874869,32.8187426008,30.1008353649,25.181440492,30.913792061,29.436005201,27.6524323067,28.1709716154,23.7093601393,24.3438086246,22.018802273,22.5521293231,27.4732231613,24.9362734476,28.7611570598,28.2270451699,31.6445278411,33.6086827184,29.8233761719,34.3015650908,31.7840054717,35.2329642042,32.6414065993,35.7395658779,37.9091579978,31.7229607085,30.6395522129,34.7519571713,33.8943449037,28.5344239342,32.9222059752,36.4023347869,31.6377568818,29.2958929311,33.9489965286,35.4979122411,31.7920537424,32.9967914761,27.0656733867,25.1703616034,20.450476982,23.2613628422,19.1420520385,22.2459003243,22.0682876606,21.6309768091,26.0852552332,21.9731098455,25.2188686025,24.7625731475,18.7924717551,20.1076030665,14.6759324054,16.2147008189,15.5196539271,11.9355905023,16.2334159953,9.31189917963,16.5008958506,19.736880055,22.485556486,28.1811143446,28.4710955805,31.5935978119,31.4795882067,33.3675564325,29.5519171609,34.7520891287,38.3934460381,35.954004746,36.0213924354,39.6832944455,39.3088409801,38.4808723049,37.8787486162,35.104367837,36.5942904999,33.4468366839,35.1666559597,32.8868634371,29.0342392788,30.7772044559,35.347270007,33.0218742813,31.0688857373,25.881074536,25.4437426876,22.2282360761,23.4460831421,15.7232998826,14.3554084143,16.4997637172,14.8793866099,11.6612700084,9.74216823715,3.82775940006,9.16485475865,11.0024465664,7.90545599037,5.80022734855,11.0625242806,12.9797382747,9.18076219989,11.3038855267,17.2892404715,15.5193258642,17.0683561407,16.6208672135,11.9967524313,11.262914122,8.59768086565,14.5939274934,11.6040552597,19.468647504,19.782259211,21.392444122,26.8179408089,29.8073228782,29.8191235216,25.2635314352,23.9708253532,29.6278794864,26.2858831214,19.6184270017,25.3597488222,25.9116346961,23.3122841067,20.7976351342,27.3141010098,29.3634370613,23.3946481662,24.3837914033,30.9710135633,31.9028722272,29.3747654841,26.8705712652,26.8522584258,24.4607532695,17.7052009568,18.6967775814,19.0028284918,20.172030355,16.6192104172,20.1578328753,21.4510224099,20.7185945598,27.6670846054,28.2485046402,28.7904531286,31.8375652449,29.9986738392,30.4094578329,35.2958983688,38.0901063583,33.3831729657,32.6800953436,28.812042651,24.2937530318,25.7610031185,21.1477706325,25.0361851517,27.5931326227,27.5095006025,22.6104315223,22.3807520956,24.466043831,20.9800273008,18.4648349114,20.0970038345,21.2318267863,16.5560907253,16.0158370009,18.7779314364,18.8079166313,13.522488158,15.4849222619,18.5727848727,17.1713881228,13.2556358249,16.2227778618,12.5015190319,7.78042341442,5.49522442859,4.78212726345,0.0,3.31194135825,1AUG ,1
G,G,G,G,G,G,G,G,210.0,G,A,1.00961538462,210,G,A,0.548076923077,G,0.847,G,1.676,GLY,210,1.37870486004,1.27944236833,GLY,210.0,0.659886156124,0.492829856484,0,1AUG,G,210,G,27.9944963887,30.7612585792,25.3806863558,31.4444004013,24.6105331157,27.4603263354,24.7369048051,26.0923938781,28.4360832438,27.710046706,33.99021315,35.1662658035,32.5556795639,35.654917267,37.1478402962,33.8224688394,38.2494973636,34.5412169859,29.8699706437,28.1685974101,26.5241876558,31.8710958561,31.8830039013,26.6245283606,26.5912204986,33.648621601,31.0925157717,26.682135506,32.4011587867,31.2063259281,29.5917726915,30.5190985801,26.139557,27.0482133588,24.8286491201,25.0192155342,29.6926358288,26.8534157558,30.4008763141,29.5257629111,32.6475513902,34.0289001261,30.0583477489,34.2756156949,31.328471566,34.7542088769,31.6506898387,34.9102230851,37.7334568799,31.4129835962,30.4128313966,34.7748556524,34.1698718611,28.9332107522,33.0440203008,37.0909158453,32.4593882978,30.2096547979,34.9376766278,36.7026552006,33.2021440807,34.4869008492,28.5235541059,27.1883560133,22.2890914638,24.3417839644,20.3092467229,22.6734380307,22.4933881448,21.5525965112,25.6300421938,21.1008073077,24.1352690016,23.5869443507,17.4084309452,18.706644139,13.6278107654,16.4464940811,14.7662744186,12.1399148719,15.3937790238,8.2923993693,15.1264929813,18.8808902162,20.924704862,26.9746911278,26.7923385872,30.4001674328,29.5875820946,31.8097281607,27.9706583557,33.2328829822,37.0510492249,35.0315468267,35.4625472678,39.1365820738,38.367118143,37.5790595528,36.2877942656,33.7846254259,34.7955653106,31.6262122728,33.8313455521,31.5026772433,28.0569729584,30.0442547224,34.3778605975,31.8790591344,30.113107437,25.099710872,24.0291576682,20.9581769353,23.0131833124,14.8258634813,14.4739079361,17.0510598182,15.9781666859,13.6977155771,10.2644951019,4.23023647794,12.2626847572,12.6904335334,8.72095948891,7.79603560251,13.7228228758,14.3080805506,9.7769725736,13.7320996041,19.2762663454,16.9048438672,17.9246383548,16.5609799001,12.1855439869,10.4807730896,7.47038222936,13.0922164946,9.36403755762,17.495882422,18.4526290963,19.7046479535,25.0689176804,28.5928565071,29.0027253923,24.474610633,22.7759525674,28.8740762315,26.1267582982,19.1849227067,24.5677159639,25.455484769,23.6186527768,20.8790441215,27.0792071803,29.6593368751,24.0584472359,24.6062807268,30.9904033387,32.3632399043,30.3132287066,27.9149085962,28.3689283062,25.7451509828,19.7069659215,19.7022730105,19.7397861708,19.9689511037,17.0654629127,19.3606913254,21.4086444256,20.2668016172,26.6983778131,28.1525186619,28.6268189129,31.7984821244,29.4993314076,29.6081111005,34.678849281,37.1726821067,32.2507734143,31.238671914,27.5948220824,23.0256731798,25.2182140487,21.0629469067,25.4686044182,28.1083584362,28.4317010601,23.3364136308,22.8016532584,25.5398099655,22.58096591,19.5565800241,21.0888662485,23.2713614974,18.5032710673,17.6181332492,20.6204742866,21.2237601762,16.022179527,17.598005533,20.977916825,20.0457662043,16.2655571728,18.6902688844,15.2712854944,9.78028137002,8.64111219045,7.40443019165,3.31194135825,0.0,1AUG ,1
